10 26 0.07 0.07 0 353
26 14 0.362 0.362 0 353
14 30 0.362 0.362 0 353
30 15 0.049 0.049 0 353
10 9 0.353 0.353 0 353
9 25 0.357 0.357 0 353
25 6 0.094 0.094 0 353
6 22 0.5 0.5 0 353
22 23 0.313 0.313 0 353
23 11 0.016 0.016 0 353
11 27 0.157 0.157 0 353
27 8 0.016 0.016 0 353
8 24 0.016 0.016 0 353
24 2 0.016 0.016 0 353
2 18 0.157 0.157 0 353
18 1 0.353 0.353 0 353
1 17 0.357 0.357 0 353
17 5 0.094 0.094 0 353
5 21 0.5 0.5 0 353
21 4 0.313 0.313 0 353
4 20 0.016 0.016 0 353
20 0 0.157 0.157 0 353
0 16 0.54 0.54 0 353
18 3 0.126 0.126 0 353
3 19 0.54 0.54 0 353
