32 33 0.07 0.07 0 353
33 34 0.362 0.362 0 353
34 35 0.362 0.362 0 353
35 36 0.049 0.049 0 353
32 37 0.353 0.353 0 353
37 38 0.357 0.357 0 353
38 39 0.094 0.094 0 353
39 40 0.5 0.5 0 353
40 41 0.313 0.313 0 353
41 42 0.016 0.016 0 353
42 43 0.157 0.157 0 353
43 44 0.016 0.016 0 353
44 45 0.016 0.016 0 353
45 46 0.016 0.016 0 353
46 47 0.157 0.157 0 353
47 53 0.353 0.353 0 353
53 54 0.357 0.357 0 353
54 55 0.094 0.094 0 353
55 56 0.5 0.5 0 353
56 57 0.313 0.313 0 353
57 58 0.016 0.016 0 353
58 59 0.157 0.157 0 353
59 60 0.54 0.54 0 353
47 62 0.126 0.126 0 353
62 63 0.54 0.54 0 353
