0 1 0.47 0.47 0 83
0 16 0.19 0.19 0 83
1 17 0.07 0.07 0 83
16 17 0.24 0.24 0 83
17 128 0.29 0.29 0 83
16 129 0.19 0.19 0 83
128 129 0.21 0.21 0 83
1 129 0.13 0.13 0 83
128 144 0.15 0.15 0 83
129 144 0.41 0.41 0 83
129 145 0.44 0.44 0 83
144 145 0.15 0.15 0 83
17 145 0.14 0.14 0 83
15 14 0.15 0.15 0 135
15 31 0.01 0.01 0 135
14 30 0.41 0.41 0 135
31 143 0.36 0.36 0 135
31 142 0.41 0.41 0 135
142 159 0.07 0.07 0 135
14 159 0.48 0.48 0 135
30 159 0.31 0.31 0 135
159 158 0.04 0.04 0 135
143 158 0.32 0.32 0 135
142 158 0.11 0.11 0 135
30 271 0 0 0 135
159 271 0.18 0.18 0 135
143 271 0.01 0.01 0 135
271 270 0.23 0.23 0 135
158 287 0.13 0.13 0 135
271 287 0.35 0.35 0 135
270 287 0.45 0.45 0 135
287 286 0.45 0.45 0 135
270 286 0.03 0.03 0 135
286 399 0.16 0.16 0 135
158 398 0.24 0.24 0 135
399 415 0.1 0.1 0 135
287 415 0.24 0.24 0 135
127 126 0.47 0.47 0 186
126 111 0.05 0.05 0 186
111 110 0.26 0.26 0 186
111 255 0.32 0.32 0 186
255 254 0.19 0.19 0 186
255 239 0.3 0.3 0 186
239 238 0.07 0.07 0 186
110 383 0.17 0.17 0 186
110 382 0.44 0.44 0 186
254 367 0.42 0.42 0 186
126 366 0.44 0.44 0 186
127 366 0.3 0.3 0 186
382 511 0.47 0.47 0 186
383 510 0.12 0.12 0 186
239 510 0.06 0.06 0 186
511 510 0.08 0.08 0 186
238 510 0.11 0.11 0 186
366 495 0.15 0.15 0 186
366 494 0.11 0.11 0 186
112 113 0.13 0.13 0 100
112 96 0.43 0.43 0 100
113 96 0.16 0.16 0 100
96 97 0.44 0.44 0 100
97 240 0.23 0.23 0 100
97 241 0.42 0.42 0 100
96 224 0.04 0.04 0 100
240 224 0.1 0.1 0 100
241 224 0.13 0.13 0 100
113 224 0.21 0.21 0 100
224 225 0.09 0.09 0 100
2 3 0.32 0.32 0 163
3 18 0.18 0.18 0 163
3 19 0.06 0.06 0 163
18 130 0.35 0.35 0 163
19 131 0.42 0.42 0 163
2 131 0.1 0.1 0 163
18 131 0.38 0.38 0 163
130 131 0.1 0.1 0 163
131 146 0.08 0.08 0 163
131 147 0.25 0.25 0 163
146 258 0.11 0.11 0 163
258 259 0.37 0.37 0 163
130 274 0.14 0.14 0 163
147 274 0.04 0.04 0 163
19 275 0.49 0.49 0 163
146 275 0.07 0.07 0 163
147 275 0.41 0.41 0 163
275 386 0.08 0.08 0 163
275 387 0.14 0.14 0 163
259 387 0.29 0.29 0 163
386 402 0.4 0.4 0 163
13 12 0.44 0.44 0 255
12 11 0.29 0.29 0 255
12 29 0.39 0.39 0 255
13 28 0.27 0.27 0 255
29 28 0.05 0.05 0 255
11 28 0.3 0.3 0 255
11 27 0.1 0.1 0 255
29 27 0.03 0.03 0 255
27 45 0.39 0.39 0 255
27 44 0.25 0.25 0 255
45 44 0.24 0.24 0 255
28 44 0.35 0.35 0 255
44 43 0.29 0.29 0 255
43 141 0.05 0.05 0 255
43 140 0.48 0.48 0 255
44 139 0.1 0.1 0 255
28 139 0.15 0.15 0 255
140 139 0.09 0.09 0 255
139 157 0.32 0.32 0 255
157 156 0.18 0.18 0 255
157 155 0.46 0.46 0 255
155 173 0.1 0.1 0 255
141 173 0.17 0.17 0 255
156 173 0.25 0.25 0 255
173 172 0.42 0.42 0 255
45 171 0.25 0.25 0 255
141 171 0.46 0.46 0 255
140 269 0.21 0.21 0 255
139 269 0.43 0.43 0 255
173 269 0.41 0.41 0 255
155 269 0 0 0 255
172 268 0.11 0.11 0 255
269 268 0.49 0.49 0 255
156 268 0.29 0.29 0 255
171 268 0.12 0.12 0 255
268 267 0.18 0.18 0 255
269 267 0.19 0.19 0 255
172 267 0.42 0.42 0 255
171 267 0.48 0.48 0 255
267 285 0.1 0.1 0 255
268 285 0.36 0.36 0 255
267 284 0.39 0.39 0 255
285 284 0.23 0.23 0 255
284 283 0.21 0.21 0 255
285 283 0.02 0.02 0 255
283 301 0.46 0.46 0 255
283 300 0.18 0.18 0 255
301 299 0.34 0.34 0 255
301 397 0.33 0.33 0 255
284 396 0.3 0.3 0 255
299 396 0.15 0.15 0 255
397 395 0.33 0.33 0 255
396 395 0.48 0.48 0 255
299 395 0.15 0.15 0 255
300 395 0.22 0.22 0 255
125 124 0.28 0.28 0 131
124 109 0.17 0.17 0 131
124 108 0.17 0.17 0 131
109 253 0.03 0.03 0 131
109 252 0.02 0.02 0 131
252 237 0.47 0.47 0 131
108 237 0.22 0.22 0 131
125 237 0.03 0.03 0 131
253 237 0.26 0.26 0 131
253 236 0.3 0.3 0 131
236 381 0.13 0.13 0 131
237 380 0.2 0.2 0 131
381 380 0.37 0.37 0 131
236 380 0.44 0.44 0 131
108 380 0.39 0.39 0 131
381 365 0.37 0.37 0 131
380 365 0.31 0.31 0 131
365 364 0.39 0.39 0 131
365 509 0.16 0.16 0 131
364 508 0.46 0.46 0 131
237 493 0.49 0.49 0 131
380 493 0.1 0.1 0 131
368 369 0.31 0.31 0 67
368 352 0.14 0.14 0 67
352 353 0.18 0.18 0 67
353 496 0.28 0.28 0 67
352 497 0.23 0.23 0 67
497 480 0 0 0 67
4 5 0.16 0.16 0 130
4 20 0.28 0.28 0 130
20 21 0.03 0.03 0 130
20 132 0.44 0.44 0 130
5 132 0.32 0.32 0 130
21 133 0.4 0.4 0 130
133 148 0.48 0.48 0 130
148 149 0.16 0.16 0 130
148 260 0.35 0.35 0 130
260 261 0.2 0.2 0 130
149 276 0.43 0.43 0 130
276 277 0.41 0.41 0 130
132 277 0.4 0.4 0 130
261 388 0.3 0.3 0 130
261 389 0.22 0.22 0 130
389 404 0.41 0.41 0 130
260 404 0.31 0.31 0 130
10 26 0.15 0.15 0 40
26 138 0.06 0.06 0 40
138 154 0.31 0.31 0 40
10 266 0.28 0.28 0 40
154 266 0.4 0.4 0 40
26 266 0.27 0.27 0 40
266 282 0.11 0.11 0 40
154 394 0.03 0.03 0 40
123 122 0.04 0.04 0 241
123 121 0.36 0.36 0 241
121 107 0.25 0.25 0 241
122 107 0.06 0.06 0 241
107 106 0.1 0.1 0 241
107 105 0.43 0.43 0 241
105 91 0.12 0.12 0 241
91 90 0.48 0.48 0 241
91 89 0.04 0.04 0 241
106 251 0.17 0.17 0 241
121 250 0.32 0.32 0 241
251 250 0.44 0.44 0 241
90 249 0.26 0.26 0 241
249 235 0.2 0.2 0 241
106 235 0.19 0.19 0 241
105 235 0.23 0.23 0 241
122 235 0.29 0.29 0 241
235 234 0.41 0.41 0 241
251 234 0.19 0.19 0 241
89 234 0.26 0.26 0 241
250 233 0.25 0.25 0 241
234 233 0.34 0.34 0 241
233 219 0.25 0.25 0 241
233 218 0.03 0.03 0 241
235 217 0.18 0.18 0 241
249 217 0.18 0.18 0 241
89 217 0.14 0.14 0 241
90 217 0.18 0.18 0 241
219 379 0.25 0.25 0 241
217 379 0.21 0.21 0 241
218 379 0.08 0.08 0 241
234 379 0.49 0.49 0 241
379 378 0.21 0.21 0 241
250 378 0.48 0.48 0 241
217 378 0.24 0.24 0 241
219 378 0.32 0.32 0 241
218 377 0.37 0.37 0 241
378 363 0.31 0.31 0 241
378 362 0.12 0.12 0 241
363 361 0.02 0.02 0 241
361 347 0.48 0.48 0 241
361 346 0.23 0.23 0 241
362 345 0 0 0 241
362 507 0.27 0.27 0 241
377 506 0.23 0.23 0 241
377 505 0.37 0.37 0 241
114 115 0.41 0.41 0 148
115 98 0.15 0.15 0 148
115 99 0.13 0.13 0 148
114 99 0.32 0.32 0 148
98 242 0.16 0.16 0 148
98 243 0.04 0.04 0 148
242 226 0.19 0.19 0 148
242 227 0.33 0.33 0 148
226 370 0.45 0.45 0 148
227 370 0.37 0.37 0 148
99 371 0.02 0.02 0 148
370 354 0.13 0.13 0 148
227 355 0.15 0.15 0 148
99 355 0.36 0.36 0 148
226 355 0.17 0.17 0 148
243 498 0.34 0.34 0 148
355 499 0.48 0.48 0 148
371 482 0.11 0.11 0 148
256 257 0.33 0.33 0 54
256 272 0.41 0.41 0 54
257 273 0.35 0.35 0 54
273 384 0.38 0.38 0 54
272 384 0.48 0.48 0 54
384 385 0.18 0.18 0 54
384 400 0.29 0.29 0 54
9 8 0.14 0.14 0 245
9 7 0.22 0.22 0 245
8 25 0.41 0.41 0 245
7 24 0.08 0.08 0 245
7 23 0.21 0.21 0 245
8 23 0.03 0.03 0 245
25 23 0.18 0.18 0 245
24 41 0.29 0.29 0 245
25 41 0.06 0.06 0 245
23 40 0.14 0.14 0 245
41 40 0.03 0.03 0 245
23 39 0.08 0.08 0 245
41 39 0.17 0.17 0 245
24 39 0.3 0.3 0 245
40 39 0.04 0.04 0 245
39 137 0.34 0.34 0 245
40 137 0.01 0.01 0 245
137 136 0.33 0.33 0 245
39 136 0.49 0.49 0 245
136 135 0.47 0.47 0 245
136 153 0.46 0.46 0 245
135 152 0.32 0.32 0 245
137 151 0.33 0.33 0 245
152 151 0.08 0.08 0 245
151 169 0.08 0.08 0 245
152 169 0.18 0.18 0 245
153 169 0.37 0.37 0 245
135 169 0.49 0.49 0 245
169 168 0.1 0.1 0 245
153 168 0.34 0.34 0 245
151 168 0.24 0.24 0 245
168 167 0.37 0.37 0 245
169 167 0.4 0.4 0 245
168 265 0.28 0.28 0 245
167 265 0.03 0.03 0 245
265 264 0.48 0.48 0 245
167 263 0.28 0.28 0 245
265 281 0.36 0.36 0 245
281 280 0.45 0.45 0 245
264 279 0.37 0.37 0 245
264 297 0.37 0.37 0 245
280 297 0.47 0.47 0 245
279 297 0.27 0.27 0 245
280 296 0.23 0.23 0 245
281 296 0.32 0.32 0 245
279 295 0.1 0.1 0 245
296 295 0.32 0.32 0 245
263 295 0.32 0.32 0 245
297 295 0.46 0.46 0 245
296 393 0.33 0.33 0 245
295 392 0.41 0.41 0 245
295 391 0.12 0.12 0 245
120 104 0.02 0.02 0 97
104 248 0.21 0.21 0 97
248 232 0.15 0.15 0 97
248 376 0 0 0 97
232 360 0.21 0.21 0 97
120 360 0.1 0.1 0 97
104 360 0.06 0.06 0 97
376 504 0.06 0.06 0 97
360 489 0.3 0.3 0 97
116 117 0.33 0.33 0 249
116 118 0.44 0.44 0 249
118 100 0.25 0.25 0 249
100 101 0.17 0.17 0 249
100 102 0.48 0.48 0 249
102 84 0.46 0.46 0 249
102 85 0.31 0.31 0 249
101 86 0.41 0.41 0 249
85 86 0.14 0.14 0 249
117 86 0.25 0.25 0 249
118 86 0.46 0.46 0 249
101 244 0.06 0.06 0 249
86 245 0.39 0.39 0 249
86 246 0.22 0.22 0 249
244 228 0.01 0.01 0 249
84 229 0.01 0.01 0 249
244 229 0.2 0.2 0 249
228 229 0.37 0.37 0 249
229 230 0.01 0.01 0 249
229 212 0.43 0.43 0 249
117 213 0.18 0.18 0 249
212 213 0.24 0.24 0 249
213 214 0.37 0.37 0 249
230 372 0.23 0.23 0 249
84 372 0.17 0.17 0 249
85 372 0.45 0.45 0 249
214 373 0.38 0.38 0 249
230 373 0.05 0.05 0 249
245 373 0.18 0.18 0 249
373 374 0.36 0.36 0 249
372 356 0.37 0.37 0 249
373 356 0.43 0.43 0 249
246 356 0.16 0.16 0 249
214 357 0.28 0.28 0 249
372 357 0.48 0.48 0 249
212 357 0.49 0.49 0 249
213 357 0.21 0.21 0 249
245 358 0.13 0.13 0 249
356 358 0.48 0.48 0 249
358 340 0.16 0.16 0 249
357 341 0.24 0.24 0 249
357 342 0.34 0.34 0 249
374 500 0.24 0.24 0 249
341 500 0.47 0.47 0 249
342 500 0.11 0.11 0 249
374 501 0.13 0.13 0 249
358 501 0.41 0.41 0 249
500 502 0.43 0.43 0 249
500 484 0.37 0.37 0 249
32 33 0.12 0.12 0 249
33 34 0.36 0.36 0 249
34 48 0.18 0.18 0 249
32 48 0.46 0.46 0 249
33 48 0.23 0.23 0 249
34 49 0.02 0.02 0 249
48 49 0.05 0.05 0 249
49 50 0.49 0.49 0 249
48 50 0 0 0 249
49 64 0.21 0.21 0 249
50 64 0.37 0.37 0 249
64 65 0.38 0.38 0 249
64 66 0.43 0.43 0 249
65 160 0.14 0.14 0 249
50 161 0.04 0.04 0 249
65 161 0.06 0.06 0 249
160 161 0.26 0.26 0 249
161 162 0.26 0.26 0 249
161 176 0.23 0.23 0 249
66 177 0.32 0.32 0 249
176 178 0.02 0.02 0 249
178 192 0.19 0.19 0 249
176 192 0.47 0.47 0 249
177 192 0.16 0.16 0 249
160 193 0.46 0.46 0 249
162 193 0.41 0.41 0 249
192 193 0.26 0.26 0 249
178 193 0.24 0.24 0 249
66 194 0.42 0.42 0 249
194 288 0.02 0.02 0 249
194 289 0.4 0.4 0 249
289 290 0.3 0.3 0 249
162 290 0.34 0.34 0 249
290 304 0.24 0.24 0 249
193 304 0.42 0.42 0 249
192 304 0 0 0 249
288 305 0.09 0.09 0 249
305 306 0.47 0.47 0 249
177 306 0.16 0.16 0 249
288 306 0.41 0.41 0 249
289 306 0.33 0.33 0 249
304 320 0.41 0.41 0 249
304 321 0.36 0.36 0 249
320 322 0.21 0.21 0 249
306 322 0.37 0.37 0 249
305 416 0.21 0.21 0 249
193 416 0.36 0.36 0 249
320 416 0.36 0.36 0 249
321 416 0.09 0.09 0 249
321 417 0.18 0.18 0 249
416 418 0.13 0.13 0 249
417 418 0.02 0.02 0 249
47 46 0.46 0.46 0 125
47 63 0.37 0.37 0 125
46 63 0.18 0.18 0 125
63 62 0.4 0.4 0 125
63 175 0.43 0.43 0 125
46 174 0.18 0.18 0 125
62 174 0.4 0.4 0 125
175 174 0.19 0.19 0 125
174 191 0.22 0.22 0 125
191 190 0.25 0.25 0 125
174 190 0.05 0.05 0 125
175 190 0.35 0.35 0 125
190 303 0.24 0.24 0 125
191 302 0.4 0.4 0 125
303 302 0.07 0.07 0 125
62 302 0.39 0.39 0 125
302 319 0.4 0.4 0 125
319 318 0.09 0.09 0 125
319 431 0.46 0.46 0 125
431 430 0.42 0.42 0 125
318 447 0.38 0.38 0 125
303 447 0.02 0.02 0 125
95 94 0.11 0.11 0 126
95 79 0.1 0.1 0 126
94 78 0.32 0.32 0 126
79 223 0.42 0.42 0 126
94 223 0.12 0.12 0 126
79 222 0.37 0.37 0 126
78 222 0.02 0.02 0 126
222 207 0.33 0.33 0 126
207 206 0.19 0.19 0 126
78 351 0.46 0.46 0 126
206 350 0.02 0.02 0 126
350 335 0.4 0.4 0 126
207 334 0.2 0.2 0 126
222 334 0.45 0.45 0 126
334 479 0.47 0.47 0 126
334 478 0.02 0.02 0 126
479 463 0.48 0.48 0 126
478 463 0.37 0.37 0 126
223 463 0.32 0.32 0 126
83 67 0.17 0.17 0 250
83 68 0.12 0.12 0 250
67 68 0.24 0.24 0 250
68 69 0.1 0.1 0 250
68 51 0 0 0 250
67 52 0.1 0.1 0 250
51 53 0.06 0.06 0 250
69 53 0.2 0.2 0 250
52 53 0.02 0.02 0 250
53 211 0 0 0 250
52 195 0.33 0.33 0 250
211 196 0.37 0.37 0 250
195 197 0.47 0.47 0 250
196 197 0.25 0.25 0 250
196 179 0.19 0.19 0 250
211 180 0.22 0.22 0 250
195 180 0.27 0.27 0 250
51 180 0.21 0.21 0 250
69 180 0.42 0.42 0 250
180 181 0.2 0.2 0 250
197 181 0.48 0.48 0 250
179 181 0.32 0.32 0 250
53 181 0.04 0.04 0 250
197 339 0.43 0.43 0 250
179 339 0.4 0.4 0 250
181 339 0.2 0.2 0 250
180 339 0.2 0.2 0 250
339 323 0.32 0.32 0 250
339 324 0.49 0.49 0 250
324 325 0.34 0.34 0 250
324 307 0.01 0.01 0 250
323 308 0.2 0.2 0 250
323 309 0.03 0.03 0 250
325 467 0.33 0.33 0 250
307 468 0.32 0.32 0 250
467 469 0.16 0.16 0 250
467 451 0.03 0.03 0 250
309 452 0.17 0.17 0 250
308 453 0.43 0.43 0 250
325 435 0.31 0.31 0 250
452 435 0.23 0.23 0 250
468 436 0.09 0.09 0 250
307 436 0.1 0.1 0 250
435 437 0.27 0.27 0 250
6 22 0.2 0.2 0 69
6 134 0.24 0.24 0 69
22 134 0.07 0.07 0 69
22 150 0.27 0.27 0 69
134 150 0.29 0.29 0 69
134 262 0.27 0.27 0 69
150 278 0.38 0.38 0 69
262 278 0.3 0.3 0 69
150 390 0.1 0.1 0 69
262 390 0.49 0.49 0 69
278 390 0.11 0.11 0 69
390 405 0.11 0.11 0 69
390 406 0.39 0.39 0 69
42 60 0.02 0.02 0 256
42 59 0.41 0.41 0 256
60 59 0.32 0.32 0 256
60 58 0.28 0.28 0 256
59 58 0.27 0.27 0 256
59 76 0.04 0.04 0 256
76 75 0.11 0.11 0 256
58 74 0.17 0.17 0 256
76 170 0.1 0.1 0 256
58 170 0.3 0.3 0 256
75 188 0.25 0.25 0 256
74 187 0.27 0.27 0 256
170 186 0.16 0.16 0 256
170 204 0.41 0.41 0 256
187 203 0.18 0.18 0 256
74 203 0.32 0.32 0 256
75 203 0.29 0.29 0 256
203 202 0.24 0.24 0 256
203 298 0 0 0 256
186 316 0.07 0.07 0 256
186 315 0.39 0.39 0 256
316 314 0.32 0.32 0 256
314 332 0.11 0.11 0 256
298 331 0.2 0.2 0 256
202 331 0.41 0.41 0 256
187 331 0.3 0.3 0 256
314 330 0.2 0.2 0 256
188 428 0.17 0.17 0 256
332 427 0.15 0.15 0 256
316 426 0.2 0.2 0 256
331 426 0.21 0.21 0 256
330 426 0.16 0.16 0 256
428 444 0.25 0.25 0 256
426 443 0.16 0.16 0 256
427 442 0.3 0.3 0 256
427 460 0.11 0.11 0 256
444 459 0.22 0.22 0 256
444 458 0.33 0.33 0 256
88 87 0.37 0.37 0 311
87 73 0.26 0.26 0 311
87 72 0.01 0.01 0 311
73 71 0.25 0.25 0 311
88 57 0.29 0.29 0 311
72 56 0.06 0.06 0 311
57 56 0.44 0.44 0 311
73 56 0.24 0.24 0 311
72 55 0.18 0.18 0 311
57 55 0.06 0.06 0 311
56 55 0.1 0.1 0 311
71 55 0.01 0.01 0 311
55 216 0.15 0.15 0 311
56 216 0.19 0.19 0 311
71 216 0.33 0.33 0 311
216 215 0.28 0.28 0 311
215 201 0.32 0.32 0 311
216 200 0.27 0.27 0 311
55 200 0.36 0.36 0 311
201 199 0.02 0.02 0 311
199 185 0.09 0.09 0 311
185 184 0.23 0.23 0 311
199 184 0.35 0.35 0 311
201 184 0.14 0.14 0 311
184 183 0.35 0.35 0 311
184 344 0.48 0.48 0 311
185 343 0.18 0.18 0 311
183 343 0.12 0.12 0 311
344 343 0.1 0.1 0 311
200 343 0.08 0.08 0 311
215 329 0.12 0.12 0 311
200 329 0.32 0.32 0 311
343 329 0.04 0.04 0 311
183 328 0.06 0.06 0 311
344 328 0.47 0.47 0 311
329 327 0.01 0.01 0 311
329 313 0.43 0.43 0 311
328 312 0.32 0.32 0 311
312 311 0.22 0.22 0 311
327 311 0.09 0.09 0 311
328 311 0.41 0.41 0 311
311 473 0.45 0.45 0 311
473 472 0.07 0.07 0 311
473 471 0.39 0.39 0 311
313 457 0.18 0.18 0 311
313 456 0.22 0.22 0 311
471 455 0.17 0.17 0 311
471 441 0.34 0.34 0 311
119 103 0.23 0.23 0 51
103 247 0.15 0.15 0 51
119 247 0.22 0.22 0 51
247 231 0.32 0.32 0 51
103 231 0.3 0.3 0 51
231 375 0.18 0.18 0 51
375 359 0.34 0.34 0 51
375 503 0.22 0.22 0 51
46 47 0.21 0.21 967 1282
47 61 0.37 0.37 967 1282
46 61 0.21 0.21 967 1282
61 62 0.44 0.44 967 1282
61 63 0 0 967 1282
62 77 0.49 0.49 967 1282
77 78 0.17 0.17 967 1282
77 79 0.41 0.41 967 1282
78 174 0.43 0.43 967 1282
62 174 0.41 0.41 967 1282
79 174 0.29 0.29 967 1282
63 174 0.2 0.2 967 1282
63 175 0.12 0.12 967 1282
174 175 0.24 0.24 967 1282
47 175 0.12 0.12 967 1282
78 175 0.04 0.04 967 1282
79 189 0.08 0.08 967 1282
174 189 0.32 0.32 967 1282
175 190 0.04 0.04 967 1282
189 191 0.47 0.47 967 1282
175 191 0.41 0.41 967 1282
190 205 0.39 0.39 967 1282
191 206 0.11 0.11 967 1282
205 207 0.36 0.36 967 1282
191 302 0.18 0.18 967 1282
206 302 0.39 0.39 967 1282
205 303 0.2 0.2 967 1282
207 303 0.17 0.17 967 1282
302 303 0.07 0.07 967 1282
189 303 0.47 0.47 967 1282
303 317 0.26 0.26 967 1282
317 318 0.19 0.19 967 1282
302 319 0.26 0.26 967 1282
317 319 0.48 0.48 967 1282
207 319 0.09 0.09 967 1282
190 333 0.18 0.18 967 1282
206 333 0.39 0.39 967 1282
303 333 0.08 0.08 967 1282
318 334 0.23 0.23 967 1282
333 334 0.32 0.32 967 1282
318 335 0.22 0.22 967 1282
319 335 0.31 0.31 967 1282
334 429 0.47 0.47 967 1282
333 429 0.19 0.19 967 1282
335 430 0.32 0.32 967 1282
335 431 0.17 0.17 967 1282
429 445 0.4 0.4 967 1282
429 446 0.07 0.07 967 1282
431 447 0.17 0.17 967 1282
319 447 0.39 0.39 967 1282
446 447 0.33 0.33 967 1282
3 4 0.22 0.22 1918 2164
3 5 0.37 0.37 1918 2164
4 5 0.41 0.41 1918 2164
5 19 0.28 0.28 1918 2164
5 20 0.32 0.32 1918 2164
4 20 0.25 0.25 1918 2164
19 21 0.29 0.29 1918 2164
21 35 0.25 0.25 1918 2164
19 35 0.4 0.4 1918 2164
20 35 0.2 0.2 1918 2164
35 131 0.47 0.47 1918 2164
21 132 0.25 0.25 1918 2164
131 132 0.26 0.26 1918 2164
35 133 0.22 0.22 1918 2164
131 133 0.26 0.26 1918 2164
20 133 0.21 0.21 1918 2164
132 133 0.24 0.24 1918 2164
133 147 0.32 0.32 1918 2164
132 147 0.49 0.49 1918 2164
133 148 0.33 0.33 1918 2164
147 148 0.35 0.35 1918 2164
147 149 0.42 0.42 1918 2164
148 149 0.48 0.48 1918 2164
148 163 0.15 0.15 1918 2164
149 163 0.02 0.02 1918 2164
149 259 0.37 0.37 1918 2164
259 260 0.11 0.11 1918 2164
260 261 0.07 0.07 1918 2164
260 275 0.46 0.46 1918 2164
261 276 0.22 0.22 1918 2164
163 276 0.07 0.07 1918 2164
275 276 0 0 1918 2164
259 276 0.39 0.39 1918 2164
276 277 0.18 0.18 1918 2164
275 291 0.48 0.48 1918 2164
276 291 0.11 0.11 1918 2164
277 387 0.4 0.4 1918 2164
277 388 0.07 0.07 1918 2164
388 389 0.08 0.08 1918 2164
388 403 0.03 0.03 1918 2164
389 404 0.11 0.11 1918 2164
261 404 0.4 0.4 1918 2164
291 404 0.14 0.14 1918 2164
163 404 0.07 0.07 1918 2164
291 405 0.42 0.42 1918 2164
387 419 0.04 0.04 1918 2164
419 420 0.09 0.09 1918 2164
419 421 0.2 0.2 1918 2164
403 421 0.06 0.06 1918 2164
387 421 0.48 0.48 1918 2164
92 93 0.28 0.28 2234 2550
93 94 0.47 0.47 2234 2550
93 108 0.16 0.16 2234 2550
94 109 0.26 0.26 2234 2550
109 110 0.12 0.12 2234 2550
109 124 0.38 0.38 2234 2550
94 125 0.06 0.06 2234 2550
124 125 0.29 0.29 2234 2550
108 125 0.14 0.14 2234 2550
125 126 0.26 0.26 2234 2550
125 220 0.4 0.4 2234 2550
126 221 0.28 0.28 2234 2550
110 222 0.05 0.05 2234 2550
110 236 0.46 0.46 2234 2550
236 237 0.27 0.27 2234 2550
126 237 0.02 0.02 2234 2550
222 237 0.07 0.07 2234 2550
221 237 0.08 0.08 2234 2550
221 238 0.39 0.39 2234 2550
124 238 0.28 0.28 2234 2550
238 252 0.28 0.28 2234 2550
220 252 0.06 0.06 2234 2550
92 252 0.37 0.37 2234 2550
236 252 0.27 0.27 2234 2550
238 253 0 0 2234 2550
237 253 0.34 0.34 2234 2550
252 254 0.27 0.27 2234 2550
253 254 0.31 0.31 2234 2550
252 348 0.35 0.35 2234 2550
222 348 0.11 0.11 2234 2550
348 349 0.02 0.02 2234 2550
254 349 0.26 0.26 2234 2550
108 349 0.33 0.33 2234 2550
349 350 0.3 0.3 2234 2550
349 364 0.41 0.41 2234 2550
364 365 0.12 0.12 2234 2550
364 366 0.09 0.09 2234 2550
348 380 0.48 0.48 2234 2550
237 380 0.02 0.02 2234 2550
350 381 0.12 0.12 2234 2550
253 381 0.3 0.3 2234 2550
365 382 0.04 0.04 2234 2550
381 476 0 0 2234 2550
381 477 0.33 0.33 2234 2550
476 478 0.14 0.14 2234 2550
38 37 0.25 0.25 264 398
37 36 0.29 0.29 264 398
37 54 0.37 0.37 264 398
36 70 0.25 0.25 264 398
36 166 0.35 0.35 264 398
38 165 0.36 0.36 264 398
165 164 0.04 0.04 264 398
54 182 0.41 0.41 264 398
165 182 0.08 0.08 264 398
164 198 0.45 0.45 264 398
182 198 0.18 0.18 264 398
198 294 0.17 0.17 264 398
198 293 0.05 0.05 264 398
54 292 0.07 0.07 264 398
164 292 0.01 0.01 264 398
292 310 0.31 0.31 264 398
182 310 0.41 0.41 264 398
166 310 0.24 0.24 264 398
293 326 0.3 0.3 264 398
294 326 0.15 0.15 264 398
6 5 0.44 0.44 1097 1238
5 22 0.36 0.36 1097 1238
22 21 0.27 0.27 1097 1238
6 21 0.02 0.02 1097 1238
21 134 0.46 0.46 1097 1238
134 133 0.39 0.39 1097 1238
133 150 0.01 0.01 1097 1238
133 149 0.19 0.19 1097 1238
134 262 0.15 0.15 1097 1238
21 262 0.36 0.36 1097 1238
22 262 0.18 0.18 1097 1238
150 261 0.1 0.1 1097 1238
5 261 0.41 0.41 1097 1238
149 261 0.31 0.31 1097 1238
262 278 0.12 0.12 1097 1238
150 278 0.1 0.1 1097 1238
149 278 0.23 0.23 1097 1238
261 278 0.49 0.49 1097 1238
262 277 0.01 0.01 1097 1238
278 277 0.33 0.33 1097 1238
277 390 0.37 0.37 1097 1238
277 389 0.47 0.47 1097 1238
390 406 0.22 0.22 1097 1238
390 405 0.22 0.22 1097 1238
89 90 0.07 0.07 2475 2826
89 104 0.18 0.18 2475 2826
90 105 0.33 0.33 2475 2826
90 106 0.19 0.19 2475 2826
106 120 0.3 0.3 2475 2826
104 121 0.11 0.11 2475 2826
120 121 0.48 0.48 2475 2826
105 121 0.06 0.06 2475 2826
121 122 0.21 0.21 2475 2826
121 217 0.12 0.12 2475 2826
217 218 0.07 0.07 2475 2826
120 218 0.12 0.12 2475 2826
106 232 0 0 2475 2826
105 232 0.12 0.12 2475 2826
218 232 0.3 0.3 2475 2826
122 232 0 0 2475 2826
104 233 0.35 0.35 2475 2826
232 234 0.11 0.11 2475 2826
217 248 0.18 0.18 2475 2826
218 248 0.14 0.14 2475 2826
232 248 0.45 0.45 2475 2826
248 249 0.36 0.36 2475 2826
248 250 0.02 0.02 2475 2826
250 345 0.21 0.21 2475 2826
234 345 0.04 0.04 2475 2826
233 345 0.15 0.15 2475 2826
122 345 0.23 0.23 2475 2826
233 346 0.48 0.48 2475 2826
249 360 0.41 0.41 2475 2826
360 361 0.32 0.32 2475 2826
360 362 0.4 0.4 2475 2826
362 376 0.12 0.12 2475 2826
249 377 0.47 0.47 2475 2826
346 378 0.1 0.1 2475 2826
345 378 0.19 0.19 2475 2826
234 474 0.04 0.04 2475 2826
377 474 0.38 0.38 2475 2826
361 474 0.25 0.25 2475 2826
378 474 0.17 0.17 2475 2826
474 488 0.19 0.19 2475 2826
474 489 0.43 0.43 2475 2826
489 490 0.48 0.48 2475 2826
361 490 0.48 0.48 2475 2826
376 504 0.21 0.21 2475 2826
376 505 0.3 0.3 2475 2826
6 7 0.43 0.43 2720 3009
7 8 0.28 0.28 2720 3009
7 22 0.2 0.2 2720 3009
8 23 0.09 0.09 2720 3009
6 23 0.15 0.15 2720 3009
22 24 0.13 0.13 2720 3009
22 39 0.11 0.11 2720 3009
23 39 0.49 0.49 2720 3009
24 39 0.22 0.22 2720 3009
8 39 0.26 0.26 2720 3009
39 40 0.28 0.28 2720 3009
40 134 0.13 0.13 2720 3009
23 134 0.26 0.26 2720 3009
39 135 0.33 0.33 2720 3009
134 135 0.3 0.3 2720 3009
135 136 0.32 0.32 2720 3009
136 150 0.45 0.45 2720 3009
136 151 0.41 0.41 2720 3009
150 152 0.45 0.45 2720 3009
24 152 0.09 0.09 2720 3009
152 167 0.3 0.3 2720 3009
167 168 0.47 0.47 2720 3009
40 168 0.24 0.24 2720 3009
134 168 0.45 0.45 2720 3009
151 262 0.24 0.24 2720 3009
262 263 0.04 0.04 2720 3009
262 264 0.31 0.31 2720 3009
168 264 0.37 0.37 2720 3009
264 278 0.21 0.21 2720 3009
264 279 0.44 0.44 2720 3009
278 280 0.01 0.01 2720 3009
135 280 0.25 0.25 2720 3009
152 280 0.09 0.09 2720 3009
167 295 0.35 0.35 2720 3009
263 295 0.1 0.1 2720 3009
150 295 0.04 0.04 2720 3009
278 295 0.05 0.05 2720 3009
168 296 0.42 0.42 2720 3009
279 296 0.02 0.02 2720 3009
280 296 0.04 0.04 2720 3009
296 390 0.44 0.44 2720 3009
296 391 0.41 0.41 2720 3009
295 392 0.41 0.41 2720 3009
391 406 0.02 0.02 2720 3009
391 407 0.06 0.06 2720 3009
392 408 0.35 0.35 2720 3009
93 92 0.05 0.05 0 52
92 221 0.45 0.45 0 52
92 220 0.04 0.04 0 52
220 349 0.14 0.14 0 52
93 349 0.43 0.43 0 52
221 349 0.2 0.2 0 52
349 348 0.03 0.03 0 52
349 492 0.12 0.12 0 52
3 4 0.22 0.22 2966 3226
4 5 0.38 0.38 2966 3226
3 5 0.1 0.1 2966 3226
5 19 0.23 0.23 2966 3226
4 20 0.11 0.11 2966 3226
19 20 0.47 0.47 2966 3226
20 21 0.24 0.24 2966 3226
20 35 0.19 0.19 2966 3226
21 131 0.27 0.27 2966 3226
21 132 0.16 0.16 2966 3226
35 133 0.31 0.31 2966 3226
35 147 0.29 0.29 2966 3226
5 147 0.2 0.2 2966 3226
131 147 0.18 0.18 2966 3226
19 147 0.27 0.27 2966 3226
147 148 0.1 0.1 2966 3226
132 148 0.11 0.11 2966 3226
133 148 0.22 0.22 2966 3226
148 149 0.22 0.22 2966 3226
148 163 0.45 0.45 2966 3226
149 259 0.27 0.27 2966 3226
163 260 0.08 0.08 2966 3226
147 260 0.49 0.49 2966 3226
132 260 0.45 0.45 2966 3226
260 261 0.11 0.11 2966 3226
261 275 0.12 0.12 2966 3226
133 276 0.28 0.28 2966 3226
131 277 0.43 0.43 2966 3226
275 277 0.34 0.34 2966 3226
260 277 0.33 0.33 2966 3226
261 277 0.11 0.11 2966 3226
276 291 0.23 0.23 2966 3226
276 387 0.21 0.21 2966 3226
277 388 0.07 0.07 2966 3226
277 389 0.48 0.48 2966 3226
291 403 0.21 0.21 2966 3226
291 404 0.39 0.39 2966 3226
403 405 0.48 0.48 2966 3226
405 419 0.18 0.18 2966 3226
404 420 0.4 0.4 2966 3226
388 421 0.43 0.43 2966 3226
16 17 0.49 0.49 3215 3490
17 18 0.05 0.05 3215 3490
16 18 0.49 0.49 3215 3490
17 32 0.28 0.28 3215 3490
32 33 0.38 0.38 3215 3490
18 33 0.45 0.45 3215 3490
18 34 0.47 0.47 3215 3490
32 34 0.22 0.22 3215 3490
33 48 0.24 0.24 3215 3490
33 49 0.1 0.1 3215 3490
34 50 0.4 0.4 3215 3490
34 144 0.15 0.15 3215 3490
50 145 0.29 0.29 3215 3490
50 146 0.39 0.39 3215 3490
144 146 0.06 0.06 3215 3490
48 146 0.46 0.46 3215 3490
145 160 0.21 0.21 3215 3490
146 160 0.38 0.38 3215 3490
49 160 0 0 3215 3490
48 160 0.35 0.35 3215 3490
160 161 0.45 0.45 3215 3490
160 162 0.44 0.44 3215 3490
145 176 0.14 0.14 3215 3490
146 176 0.21 0.21 3215 3490
161 176 0.49 0.49 3215 3490
162 177 0.49 0.49 3215 3490
162 178 0.28 0.28 3215 3490
176 274 0.09 0.09 3215 3490
176 288 0.08 0.08 3215 3490
177 289 0.2 0.2 3215 3490
161 290 0.08 0.08 3215 3490
289 304 0.41 0.41 3215 3490
178 305 0.29 0.29 3215 3490
49 306 0.31 0.31 3215 3490
274 306 0.07 0.07 3215 3490
144 401 0.24 0.24 3215 3490
305 401 0.33 0.33 3215 3490
306 402 0.45 0.45 3215 3490
306 416 0.01 0.01 3215 3490
290 417 0.2 0.2 3215 3490
290 418 0.26 0.26 3215 3490
84 85 0.26 0.26 3464 3751
84 86 0.46 0.46 3464 3751
85 100 0.23 0.23 3464 3751
100 101 0.33 0.33 3464 3751
86 102 0 0 3464 3751
101 116 0.36 0.36 3464 3751
101 117 0.11 0.11 3464 3751
117 118 0.01 0.01 3464 3751
118 212 0.08 0.08 3464 3751
118 213 0.13 0.13 3464 3751
116 214 0.29 0.29 3464 3751
116 228 0.04 0.04 3464 3751
212 229 0.22 0.22 3464 3751
212 230 0.21 0.21 3464 3751
230 244 0.21 0.21 3464 3751
214 245 0.15 0.15 3464 3751
102 246 0.13 0.13 3464 3751
230 246 0.19 0.19 3464 3751
245 340 0.22 0.22 3464 3751
244 341 0.25 0.25 3464 3751
85 342 0.35 0.35 3464 3751
340 356 0.23 0.23 3464 3751
86 357 0.37 0.37 3464 3751
213 357 0.35 0.35 3464 3751
341 357 0.06 0.06 3464 3751
342 358 0.46 0.46 3464 3751
245 358 0.26 0.26 3464 3751
229 358 0.47 0.47 3464 3751
100 372 0.4 0.4 3464 3751
340 372 0.36 0.36 3464 3751
229 372 0.28 0.28 3464 3751
372 373 0.48 0.48 3464 3751
372 374 0.29 0.29 3464 3751
213 470 0.27 0.27 3464 3751
373 470 0.33 0.33 3464 3751
228 484 0.14 0.14 3464 3751
342 485 0.07 0.07 3464 3751
409 408 0.18 0.18 40 143
408 407 0.01 0.01 40 143
407 425 0.24 0.24 40 143
407 424 0.23 0.23 40 143
425 423 0.04 0.04 40 143
424 440 0.49 0.49 40 143
424 439 0.19 0.19 40 143
115 114 0.04 0.04 1614 1751
115 113 0.34 0.34 1614 1751
114 113 0.17 0.17 1614 1751
113 99 0.08 0.08 1614 1751
99 98 0.11 0.11 1614 1751
113 97 0.21 0.21 1614 1751
114 97 0.32 0.32 1614 1751
99 97 0.21 0.21 1614 1751
98 82 0.45 0.45 1614 1751
97 81 0.16 0.16 1614 1751
98 81 0.41 0.41 1614 1751
82 243 0.28 0.28 1614 1751
82 242 0.45 0.45 1614 1751
97 241 0.11 0.11 1614 1751
242 241 0.36 0.36 1614 1751
81 241 0.21 0.21 1614 1751
243 227 0.07 0.07 1614 1751
243 226 0.3 0.3 1614 1751
227 225 0.35 0.35 1614 1751
227 210 0.45 0.45 1614 1751
31 30 0.24 0.24 2966 3115
30 15 0.31 0.31 2966 3115
30 14 0.42 0.42 2966 3115
15 159 0.1 0.1 2966 3115
14 158 0.28 0.28 2966 3115
14 143 0.28 0.28 2966 3115
159 142 0.02 0.02 2966 3115
31 142 0.21 0.21 2966 3115
15 142 0.18 0.18 2966 3115
143 142 0.04 0.04 2966 3115
142 287 0.03 0.03 2966 3115
158 286 0.08 0.08 2966 3115
159 286 0.12 0.12 2966 3115
158 271 0.02 0.02 2966 3115
286 271 0.43 0.43 2966 3115
142 271 0.02 0.02 2966 3115
271 270 0.09 0.09 2966 3115
287 415 0.34 0.34 2966 3115
271 414 0.18 0.18 2966 3115
287 414 0.34 0.34 2966 3115
270 414 0.41 0.41 2966 3115
286 399 0.47 0.47 2966 3115
270 399 0.31 0.31 2966 3115
415 399 0.47 0.47 2966 3115
51 52 0.21 0.21 3714 3952
52 53 0.36 0.36 3714 3952
51 67 0.39 0.39 3714 3952
52 67 0.31 0.31 3714 3952
53 67 0.48 0.48 3714 3952
53 68 0.35 0.35 3714 3952
68 69 0.4 0.4 3714 3952
69 83 0.35 0.35 3714 3952
67 179 0.31 0.31 3714 3952
69 179 0.49 0.49 3714 3952
68 179 0.01 0.01 3714 3952
83 179 0.22 0.22 3714 3952
83 180 0.49 0.49 3714 3952
179 180 0.08 0.08 3714 3952
67 180 0.31 0.31 3714 3952
180 181 0.32 0.32 3714 3952
179 181 0.3 0.3 3714 3952
181 195 0.28 0.28 3714 3952
180 195 0.17 0.17 3714 3952
195 196 0.34 0.34 3714 3952
196 197 0.15 0.15 3714 3952
195 197 0.44 0.44 3714 3952
181 197 0.19 0.19 3714 3952
196 211 0.28 0.28 3714 3952
211 307 0.23 0.23 3714 3952
197 307 0.16 0.16 3714 3952
307 308 0.14 0.14 3714 3952
308 309 0.39 0.39 3714 3952
307 323 0 0 3714 3952
211 323 0.32 0.32 3714 3952
308 323 0.09 0.09 3714 3952
309 324 0.36 0.36 3714 3952
323 325 0.33 0.33 3714 3952
323 339 0.42 0.42 3714 3952
339 435 0.01 0.01 3714 3952
197 436 0.37 0.37 3714 3952
325 436 0.15 0.15 3714 3952
325 437 0.46 0.46 3714 3952
309 451 0.45 0.45 3714 3952
437 451 0.45 0.45 3714 3952
324 451 0.42 0.42 3714 3952
339 451 0.3 0.3 3714 3952
451 452 0.45 0.45 3714 3952
451 453 0.41 0.41 3714 3952
452 467 0 0 3714 3952
467 468 0.06 0.06 3714 3952
467 469 0.39 0.39 3714 3952
119 103 0.35 0.35 91 165
119 247 0.38 0.38 91 165
103 231 0.08 0.08 91 165
231 375 0.47 0.47 91 165
103 375 0.28 0.28 91 165
231 359 0.01 0.01 91 165
359 503 0.47 0.47 91 165
247 488 0.04 0.04 91 165
11 12 0.18 0.18 3969 4093
12 27 0.19 0.19 3969 4093
12 28 0.23 0.23 3969 4093
11 28 0.2 0.2 3969 4093
27 28 0.02 0.02 3969 4093
28 139 0.26 0.26 3969 4093
28 140 0.26 0.26 3969 4093
140 155 0.16 0.16 3969 4093
27 155 0.21 0.21 3969 4093
155 156 0.43 0.43 3969 4093
155 267 0.27 0.27 3969 4093
156 268 0.01 0.01 3969 4093
139 268 0.33 0.33 3969 4093
139 283 0.26 0.26 3969 4093
267 284 0.17 0.17 3969 4093
283 284 0.36 0.36 3969 4093
156 284 0.14 0.14 3969 4093
140 284 0.22 0.22 3969 4093
268 395 0.28 0.28 3969 4093
284 395 0.13 0.13 3969 4093
395 396 0.41 0.41 3969 4093
395 412 0.37 0.37 3969 4093
42 43 0.26 0.26 4225 4369
43 58 0.41 0.41 4225 4369
58 59 0.45 0.45 4225 4369
59 170 0.07 0.07 4225 4369
42 170 0 0 4225 4369
43 171 0.1 0.1 4225 4369
170 171 0.43 0.43 4225 4369
59 171 0.35 0.35 4225 4369
171 186 0.24 0.24 4225 4369
171 187 0.29 0.29 4225 4369
170 298 0.22 0.22 4225 4369
186 298 0.07 0.07 4225 4369
58 298 0.29 0.29 4225 4369
187 299 0.21 0.21 4225 4369
298 314 0.35 0.35 4225 4369
186 314 0.32 0.32 4225 4369
187 314 0.35 0.35 4225 4369
299 314 0.49 0.49 4225 4369
314 315 0.15 0.15 4225 4369
314 426 0.14 0.14 4225 4369
298 427 0.17 0.17 4225 4369
315 427 0.33 0.33 4225 4369
426 427 0.17 0.17 4225 4369
299 427 0.29 0.29 4225 4369
427 442 0.37 0.37 4225 4369
426 442 0.18 0.18 4225 4369
315 442 0.07 0.07 4225 4369
3 4 0.41 0.41 4485 4646
3 19 0.16 0.16 4485 4646
19 20 0.11 0.11 4485 4646
4 20 0.15 0.15 4485 4646
20 131 0.46 0.46 4485 4646
20 132 0.15 0.15 4485 4646
131 147 0.21 0.21 4485 4646
132 148 0.21 0.21 4485 4646
148 259 0.16 0.16 4485 4646
132 259 0.13 0.13 4485 4646
147 260 0.09 0.09 4485 4646
147 275 0.1 0.1 4485 4646
259 276 0.36 0.36 4485 4646
259 387 0.36 0.36 4485 4646
387 388 0.34 0.34 4485 4646
387 403 0 0 4485 4646
93 92 0.05 0.05 143 199
93 221 0.03 0.03 143 199
221 220 0.17 0.17 143 199
92 220 0.34 0.34 143 199
220 349 0.19 0.19 143 199
221 349 0.45 0.45 143 199
92 349 0.25 0.25 143 199
349 348 0.21 0.21 143 199
220 492 0.17 0.17 143 199
348 492 0.16 0.16 143 199
349 492 0.16 0.16 143 199
3 4 0.39 0.39 4646 4780
4 19 0.34 0.34 4646 4780
4 20 0.28 0.28 4646 4780
20 131 0.13 0.13 4646 4780
20 132 0.49 0.49 4646 4780
132 147 0.47 0.47 4646 4780
19 148 0.48 0.48 4646 4780
19 259 0.32 0.32 4646 4780
259 260 0.1 0.1 4646 4780
259 275 0.32 0.32 4646 4780
275 276 0.31 0.31 4646 4780
131 276 0.28 0.28 4646 4780
260 276 0.08 0.08 4646 4780
147 387 0.43 0.43 4646 4780
3 387 0.08 0.08 4646 4780
260 387 0.41 0.41 4646 4780
276 387 0.07 0.07 4646 4780
387 388 0.15 0.15 4646 4780
148 403 0.34 0.34 4646 4780
132 403 0.12 0.12 4646 4780
387 403 0.25 0.25 4646 4780
276 403 0.18 0.18 4646 4780
256 257 0.32 0.32 197 272
257 272 0.11 0.11 197 272
272 273 0 0 197 272
256 384 0.13 0.13 197 272
257 384 0.11 0.11 197 272
384 385 0.02 0.02 197 272
384 400 0.04 0.04 197 272
336 337 0.18 0.18 264 308
336 352 0.2 0.2 264 308
337 353 0.27 0.27 264 308
352 353 0.49 0.49 264 308
353 464 0.31 0.31 264 308
353 465 0.13 0.13 264 308
465 480 0.22 0.22 264 308
465 481 0.31 0.31 264 308
3 4 0.36 0.36 4780 5084
4 5 0.36 0.36 4780 5084
4 19 0.24 0.24 4780 5084
3 19 0.48 0.48 4780 5084
19 20 0.25 0.25 4780 5084
5 21 0.23 0.23 4780 5084
21 35 0.26 0.26 4780 5084
5 35 0.37 0.37 4780 5084
20 35 0.15 0.15 4780 5084
19 35 0.42 0.42 4780 5084
35 131 0.31 0.31 4780 5084
20 131 0.07 0.07 4780 5084
21 132 0.06 0.06 4780 5084
131 132 0.12 0.12 4780 5084
35 132 0.24 0.24 4780 5084
132 133 0.24 0.24 4780 5084
131 133 0.1 0.1 4780 5084
133 147 0.06 0.06 4780 5084
132 148 0.2 0.2 4780 5084
147 148 0.05 0.05 4780 5084
148 149 0.12 0.12 4780 5084
148 163 0.04 0.04 4780 5084
147 259 0.01 0.01 4780 5084
149 259 0.26 0.26 4780 5084
133 259 0.22 0.22 4780 5084
163 259 0.1 0.1 4780 5084
149 260 0.32 0.32 4780 5084
163 260 0.42 0.42 4780 5084
260 261 0.4 0.4 4780 5084
261 275 0.1 0.1 4780 5084
259 276 0.04 0.04 4780 5084
276 277 0.43 0.43 4780 5084
277 291 0.33 0.33 4780 5084
276 291 0.08 0.08 4780 5084
261 291 0.09 0.09 4780 5084
275 387 0.07 0.07 4780 5084
387 388 0.47 0.47 4780 5084
291 389 0.38 0.38 4780 5084
260 389 0.37 0.37 4780 5084
388 389 0.38 0.38 4780 5084
277 389 0.39 0.39 4780 5084
291 403 0.16 0.16 4780 5084
389 404 0.17 0.17 4780 5084
403 405 0.49 0.49 4780 5084
403 419 0.36 0.36 4780 5084
404 420 0.38 0.38 4780 5084
259 421 0.45 0.45 4780 5084
419 421 0.19 0.19 4780 5084
275 421 0.39 0.39 4780 5084
10 26 0.06 0.06 333 401
26 138 0.47 0.47 333 401
138 154 0.39 0.39 333 401
26 154 0.03 0.03 333 401
154 266 0.35 0.35 333 401
154 282 0.11 0.11 333 401
282 394 0.21 0.21 333 401
394 411 0.37 0.37 333 401
10 411 0.29 0.29 333 401
138 411 0.35 0.35 333 401
282 411 0.33 0.33 333 401
1 0 0.13 0.13 416 519
1 17 0.31 0.31 416 519
0 16 0.1 0.1 416 519
17 16 0.29 0.29 416 519
16 129 0.08 0.08 416 519
129 128 0.32 0.32 416 519
17 145 0.21 0.21 416 519
128 144 0.39 0.39 416 519
