128 144 0.47 0.47 0 83
128 16 0.19 0.19 0 83
144 129 0.07 0.07 0 83
16 129 0.24 0.24 0 83
129 0 0.29 0.29 0 83
16 1 0.19 0.19 0 83
0 1 0.21 0.21 0 83
144 1 0.13 0.13 0 83
0 17 0.15 0.15 0 83
1 17 0.41 0.41 0 83
1 145 0.44 0.44 0 83
17 145 0.15 0.15 0 83
129 145 0.14 0.14 0 83
15 143 0.15 0.15 0 135
15 270 0.01 0.01 0 135
143 415 0.41 0.41 0 135
270 399 0.36 0.36 0 135
270 286 0.41 0.41 0 135
286 31 0.07 0.07 0 135
143 31 0.48 0.48 0 135
415 31 0.31 0.31 0 135
31 271 0.04 0.04 0 135
399 271 0.32 0.32 0 135
286 271 0.11 0.11 0 135
415 287 0 0 0 135
31 287 0.18 0.18 0 135
399 287 0.01 0.01 0 135
287 159 0.23 0.23 0 135
271 142 0.13 0.13 0 135
287 142 0.35 0.35 0 135
159 142 0.45 0.45 0 135
142 14 0.45 0.45 0 135
159 14 0.03 0.03 0 135
14 398 0.16 0.16 0 135
271 30 0.24 0.24 0 135
398 158 0.1 0.1 0 135
142 158 0.24 0.24 0 135
127 111 0.47 0.47 0 186
111 255 0.05 0.05 0 186
255 239 0.26 0.26 0 186
255 383 0.32 0.32 0 186
383 254 0.19 0.19 0 186
383 495 0.3 0.3 0 186
495 382 0.07 0.07 0 186
239 367 0.17 0.17 0 186
239 366 0.44 0.44 0 186
254 511 0.42 0.42 0 186
111 126 0.44 0.44 0 186
127 126 0.3 0.3 0 186
366 510 0.47 0.47 0 186
367 110 0.12 0.12 0 186
495 110 0.06 0.06 0 186
510 110 0.08 0.08 0 186
382 110 0.11 0.11 0 186
126 494 0.15 0.15 0 186
126 238 0.11 0.11 0 186
240 96 0.13 0.13 0 100
240 112 0.43 0.43 0 100
96 112 0.16 0.16 0 100
112 113 0.44 0.44 0 100
113 224 0.23 0.23 0 100
113 241 0.42 0.42 0 100
112 225 0.04 0.04 0 100
224 225 0.1 0.1 0 100
241 225 0.13 0.13 0 100
96 225 0.21 0.21 0 100
225 97 0.09 0.09 0 100
2 258 0.32 0.32 0 163
258 386 0.18 0.18 0 163
258 259 0.06 0.06 0 163
386 274 0.35 0.35 0 163
259 387 0.42 0.42 0 163
2 387 0.1 0.1 0 163
386 387 0.38 0.38 0 163
274 387 0.1 0.1 0 163
387 402 0.08 0.08 0 163
387 146 0.25 0.25 0 163
402 18 0.11 0.11 0 163
18 275 0.37 0.37 0 163
274 131 0.14 0.14 0 163
146 131 0.04 0.04 0 163
259 130 0.49 0.49 0 163
402 130 0.07 0.07 0 163
146 130 0.41 0.41 0 163
130 147 0.08 0.08 0 163
130 3 0.14 0.14 0 163
275 3 0.29 0.29 0 163
147 19 0.4 0.4 0 163
13 27 0.44 0.44 0 255
27 155 0.29 0.29 0 255
27 157 0.39 0.39 0 255
13 139 0.27 0.27 0 255
157 139 0.05 0.05 0 255
155 139 0.3 0.3 0 255
155 141 0.1 0.1 0 255
157 141 0.03 0.03 0 255
141 396 0.39 0.39 0 255
141 28 0.25 0.25 0 255
396 28 0.24 0.24 0 255
139 28 0.35 0.35 0 255
28 301 0.29 0.29 0 255
301 44 0.05 0.05 0 255
301 284 0.48 0.48 0 255
28 172 0.1 0.1 0 255
139 172 0.15 0.15 0 255
284 172 0.09 0.09 0 255
172 300 0.32 0.32 0 255
300 156 0.18 0.18 0 255
300 29 0.46 0.46 0 255
29 283 0.1 0.1 0 255
44 283 0.17 0.17 0 255
156 283 0.25 0.25 0 255
283 268 0.42 0.42 0 255
396 45 0.25 0.25 0 255
44 45 0.46 0.46 0 255
284 11 0.21 0.21 0 255
172 11 0.43 0.43 0 255
283 11 0.41 0.41 0 255
29 11 0 0 0 255
268 269 0.11 0.11 0 255
11 269 0.49 0.49 0 255
156 269 0.29 0.29 0 255
45 269 0.12 0.12 0 255
269 173 0.18 0.18 0 255
11 173 0.19 0.19 0 255
268 173 0.42 0.42 0 255
45 173 0.48 0.48 0 255
173 12 0.1 0.1 0 255
269 12 0.36 0.36 0 255
173 285 0.39 0.39 0 255
12 285 0.23 0.23 0 255
285 397 0.21 0.21 0 255
12 397 0.02 0.02 0 255
397 395 0.46 0.46 0 255
397 299 0.18 0.18 0 255
395 267 0.34 0.34 0 255
395 140 0.33 0.33 0 255
285 171 0.3 0.3 0 255
267 171 0.15 0.15 0 255
140 43 0.33 0.33 0 255
171 43 0.48 0.48 0 255
267 43 0.15 0.15 0 255
299 43 0.22 0.22 0 255
508 252 0.28 0.28 0 131
252 253 0.17 0.17 0 131
252 109 0.17 0.17 0 131
253 493 0.03 0.03 0 131
253 381 0.02 0.02 0 131
381 509 0.47 0.47 0 131
109 509 0.22 0.22 0 131
508 509 0.03 0.03 0 131
493 509 0.26 0.26 0 131
493 365 0.3 0.3 0 131
365 125 0.13 0.13 0 131
509 237 0.2 0.2 0 131
125 237 0.37 0.37 0 131
365 237 0.44 0.44 0 131
109 237 0.39 0.39 0 131
125 380 0.37 0.37 0 131
237 380 0.31 0.31 0 131
380 108 0.39 0.39 0 131
380 124 0.16 0.16 0 131
108 364 0.46 0.46 0 131
509 236 0.49 0.49 0 131
237 236 0.1 0.1 0 131
480 368 0.31 0.31 0 67
480 352 0.14 0.14 0 67
352 353 0.18 0.18 0 67
353 496 0.28 0.28 0 67
352 369 0.23 0.23 0 67
369 497 0 0 0 67
148 388 0.16 0.16 0 130
148 276 0.28 0.28 0 130
276 132 0.03 0.03 0 130
276 4 0.44 0.44 0 130
388 4 0.32 0.32 0 130
132 133 0.4 0.4 0 130
133 261 0.48 0.48 0 130
261 389 0.16 0.16 0 130
261 260 0.35 0.35 0 130
260 5 0.2 0.2 0 130
389 149 0.43 0.43 0 130
149 20 0.41 0.41 0 130
4 20 0.4 0.4 0 130
5 404 0.3 0.3 0 130
5 21 0.22 0.22 0 130
21 277 0.41 0.41 0 130
260 277 0.31 0.31 0 130
266 138 0.15 0.15 0 40
138 394 0.06 0.06 0 40
394 282 0.31 0.31 0 40
266 26 0.28 0.28 0 40
282 26 0.4 0.4 0 40
138 26 0.27 0.27 0 40
26 10 0.11 0.11 0 40
282 154 0.03 0.03 0 40
362 377 0.04 0.04 0 241
362 235 0.36 0.36 0 241
235 249 0.25 0.25 0 241
377 249 0.06 0.06 0 241
249 233 0.1 0.1 0 241
249 506 0.43 0.43 0 241
506 361 0.12 0.12 0 241
361 121 0.48 0.48 0 241
361 122 0.04 0.04 0 241
233 379 0.17 0.17 0 241
235 107 0.32 0.32 0 241
379 107 0.44 0.44 0 241
121 378 0.26 0.26 0 241
378 251 0.2 0.2 0 241
233 251 0.19 0.19 0 241
506 251 0.23 0.23 0 241
377 251 0.29 0.29 0 241
251 123 0.41 0.41 0 241
379 123 0.19 0.19 0 241
122 123 0.26 0.26 0 241
107 250 0.25 0.25 0 241
123 250 0.34 0.34 0 241
250 347 0.25 0.25 0 241
250 106 0.03 0.03 0 241
251 234 0.18 0.18 0 241
378 234 0.18 0.18 0 241
122 234 0.14 0.14 0 241
121 234 0.18 0.18 0 241
347 363 0.25 0.25 0 241
234 363 0.21 0.21 0 241
106 363 0.08 0.08 0 241
123 363 0.49 0.49 0 241
363 505 0.21 0.21 0 241
107 505 0.48 0.48 0 241
234 505 0.24 0.24 0 241
347 505 0.32 0.32 0 241
106 346 0.37 0.37 0 241
505 219 0.31 0.31 0 241
505 507 0.12 0.12 0 241
219 345 0.02 0.02 0 241
345 217 0.48 0.48 0 241
345 105 0.23 0.23 0 241
507 90 0 0 0 241
507 91 0.27 0.27 0 241
346 89 0.23 0.23 0 241
346 218 0.37 0.37 0 241
371 499 0.41 0.41 0 148
499 370 0.15 0.15 0 148
499 482 0.13 0.13 0 148
371 482 0.32 0.32 0 148
370 354 0.16 0.16 0 148
370 498 0.04 0.04 0 148
354 242 0.19 0.19 0 148
354 98 0.33 0.33 0 148
242 226 0.45 0.45 0 148
98 226 0.37 0.37 0 148
482 115 0.02 0.02 0 148
226 114 0.13 0.13 0 148
98 227 0.15 0.15 0 148
482 227 0.36 0.36 0 148
242 227 0.17 0.17 0 148
498 355 0.34 0.34 0 148
227 243 0.48 0.48 0 148
115 99 0.11 0.11 0 148
400 272 0.33 0.33 0 54
400 384 0.41 0.41 0 54
272 256 0.35 0.35 0 54
256 385 0.38 0.38 0 54
384 385 0.48 0.48 0 54
385 273 0.18 0.18 0 54
385 257 0.29 0.29 0 54
136 25 0.14 0.14 0 245
136 169 0.22 0.22 0 245
25 393 0.41 0.41 0 245
169 23 0.08 0.08 0 245
169 296 0.21 0.21 0 245
25 296 0.03 0.03 0 245
393 296 0.18 0.18 0 245
23 297 0.29 0.29 0 245
393 297 0.06 0.06 0 245
296 8 0.14 0.14 0 245
297 8 0.03 0.03 0 245
296 7 0.08 0.08 0 245
297 7 0.17 0.17 0 245
23 7 0.3 0.3 0 245
8 7 0.04 0.04 0 245
7 137 0.34 0.34 0 245
8 137 0.01 0.01 0 245
137 135 0.33 0.33 0 245
7 135 0.49 0.49 0 245
135 279 0.47 0.47 0 245
135 151 0.46 0.46 0 245
279 24 0.32 0.32 0 245
137 9 0.33 0.33 0 245
24 9 0.08 0.08 0 245
9 265 0.08 0.08 0 245
24 265 0.18 0.18 0 245
151 265 0.37 0.37 0 245
279 265 0.49 0.49 0 245
265 152 0.1 0.1 0 245
151 152 0.34 0.34 0 245
9 152 0.24 0.24 0 245
152 263 0.37 0.37 0 245
265 263 0.4 0.4 0 245
152 391 0.28 0.28 0 245
263 391 0.03 0.03 0 245
391 167 0.48 0.48 0 245
263 392 0.28 0.28 0 245
391 264 0.36 0.36 0 245
264 280 0.45 0.45 0 245
167 295 0.37 0.37 0 245
167 153 0.37 0.37 0 245
280 153 0.47 0.47 0 245
295 153 0.27 0.27 0 245
280 281 0.23 0.23 0 245
264 281 0.32 0.32 0 245
295 40 0.1 0.1 0 245
281 40 0.32 0.32 0 245
392 40 0.32 0.32 0 245
153 40 0.46 0.46 0 245
281 41 0.33 0.33 0 245
40 39 0.41 0.41 0 245
40 168 0.12 0.12 0 245
504 248 0.02 0.02 0 97
248 120 0.21 0.21 0 97
120 489 0.15 0.15 0 97
120 376 0 0 0 97
489 360 0.21 0.21 0 97
504 360 0.1 0.1 0 97
248 360 0.06 0.06 0 97
376 232 0.06 0.06 0 97
360 104 0.3 0.3 0 97
341 357 0.33 0.33 0 249
341 229 0.44 0.44 0 249
229 340 0.25 0.25 0 249
340 228 0.17 0.17 0 249
340 102 0.48 0.48 0 249
102 101 0.46 0.46 0 249
102 244 0.31 0.31 0 249
228 502 0.41 0.41 0 249
244 502 0.14 0.14 0 249
357 502 0.25 0.25 0 249
229 502 0.46 0.46 0 249
228 484 0.06 0.06 0 249
502 118 0.39 0.39 0 249
502 85 0.22 0.22 0 249
484 245 0.01 0.01 0 249
101 100 0.01 0.01 0 249
484 100 0.2 0.2 0 249
245 100 0.37 0.37 0 249
100 373 0.01 0.01 0 249
100 117 0.43 0.43 0 249
357 116 0.18 0.18 0 249
117 116 0.24 0.24 0 249
116 246 0.37 0.37 0 249
373 501 0.23 0.23 0 249
101 501 0.17 0.17 0 249
244 501 0.45 0.45 0 249
246 372 0.38 0.38 0 249
373 372 0.05 0.05 0 249
118 372 0.18 0.18 0 249
372 84 0.36 0.36 0 249
501 374 0.37 0.37 0 249
372 374 0.43 0.43 0 249
85 374 0.16 0.16 0 249
246 356 0.28 0.28 0 249
501 356 0.48 0.48 0 249
117 356 0.49 0.49 0 249
116 356 0.21 0.21 0 249
118 214 0.13 0.13 0 249
374 214 0.48 0.48 0 249
214 212 0.16 0.16 0 249
356 342 0.24 0.24 0 249
356 500 0.34 0.34 0 249
84 213 0.24 0.24 0 249
342 213 0.47 0.47 0 249
500 213 0.11 0.11 0 249
84 86 0.13 0.13 0 249
214 86 0.41 0.41 0 249
213 358 0.43 0.43 0 249
213 230 0.37 0.37 0 249
192 306 0.12 0.12 0 249
306 34 0.36 0.36 0 249
34 161 0.18 0.18 0 249
192 161 0.46 0.46 0 249
306 161 0.23 0.23 0 249
34 290 0.02 0.02 0 249
161 290 0.05 0.05 0 249
290 64 0.49 0.49 0 249
161 64 0 0 0 249
290 305 0.21 0.21 0 249
64 305 0.37 0.37 0 249
305 48 0.38 0.38 0 249
305 288 0.43 0.43 0 249
48 176 0.14 0.14 0 249
64 65 0.04 0.04 0 249
48 65 0.06 0.06 0 249
176 65 0.26 0.26 0 249
65 160 0.26 0.26 0 249
65 289 0.23 0.23 0 249
288 321 0.32 0.32 0 249
289 416 0.02 0.02 0 249
416 193 0.19 0.19 0 249
289 193 0.47 0.47 0 249
321 193 0.16 0.16 0 249
176 304 0.46 0.46 0 249
160 304 0.41 0.41 0 249
193 304 0.26 0.26 0 249
416 304 0.24 0.24 0 249
288 417 0.42 0.42 0 249
417 177 0.02 0.02 0 249
417 418 0.4 0.4 0 249
418 32 0.3 0.3 0 249
160 32 0.34 0.34 0 249
32 320 0.24 0.24 0 249
304 320 0.42 0.42 0 249
193 320 0 0 0 249
177 322 0.09 0.09 0 249
322 49 0.47 0.47 0 249
321 49 0.16 0.16 0 249
177 49 0.41 0.41 0 249
418 49 0.33 0.33 0 249
320 162 0.41 0.41 0 249
320 178 0.36 0.36 0 249
162 33 0.21 0.21 0 249
49 33 0.37 0.37 0 249
322 66 0.21 0.21 0 249
304 66 0.36 0.36 0 249
162 66 0.36 0.36 0 249
178 66 0.09 0.09 0 249
178 50 0.18 0.18 0 249
66 194 0.13 0.13 0 249
50 194 0.02 0.02 0 249
303 47 0.46 0.46 0 125
303 175 0.37 0.37 0 125
47 175 0.18 0.18 0 125
175 174 0.4 0.4 0 125
175 191 0.43 0.43 0 125
47 447 0.18 0.18 0 125
174 447 0.4 0.4 0 125
191 447 0.19 0.19 0 125
447 302 0.22 0.22 0 125
302 431 0.25 0.25 0 125
447 431 0.05 0.05 0 125
191 431 0.35 0.35 0 125
431 46 0.24 0.24 0 125
302 63 0.4 0.4 0 125
46 63 0.07 0.07 0 125
174 63 0.39 0.39 0 125
63 318 0.4 0.4 0 125
318 319 0.09 0.09 0 125
318 62 0.46 0.46 0 125
62 190 0.42 0.42 0 125
319 430 0.38 0.38 0 125
46 430 0.02 0.02 0 125
223 95 0.11 0.11 0 126
223 207 0.1 0.1 0 126
95 350 0.32 0.32 0 126
207 79 0.42 0.42 0 126
95 79 0.12 0.12 0 126
207 335 0.37 0.37 0 126
350 335 0.02 0.02 0 126
335 94 0.33 0.33 0 126
94 478 0.19 0.19 0 126
350 334 0.46 0.46 0 126
478 78 0.02 0.02 0 126
78 351 0.4 0.4 0 126
94 463 0.2 0.2 0 126
335 463 0.45 0.45 0 126
463 479 0.47 0.47 0 126
463 206 0.02 0.02 0 126
479 222 0.48 0.48 0 126
206 222 0.37 0.37 0 126
79 222 0.32 0.32 0 126
51 180 0.17 0.17 0 250
51 323 0.12 0.12 0 250
180 323 0.24 0.24 0 250
323 308 0.1 0.1 0 250
323 324 0 0 0 250
180 52 0.1 0.1 0 250
324 469 0.06 0.06 0 250
308 469 0.2 0.2 0 250
52 469 0.02 0.02 0 250
469 211 0 0 0 250
52 83 0.33 0.33 0 250
211 467 0.37 0.37 0 250
83 435 0.47 0.47 0 250
467 435 0.25 0.25 0 250
467 468 0.19 0.19 0 250
211 452 0.22 0.22 0 250
83 452 0.27 0.27 0 250
324 452 0.21 0.21 0 250
308 452 0.42 0.42 0 250
452 339 0.2 0.2 0 250
435 339 0.48 0.48 0 250
468 339 0.32 0.32 0 250
469 339 0.04 0.04 0 250
435 179 0.43 0.43 0 250
468 179 0.4 0.4 0 250
339 179 0.2 0.2 0 250
452 179 0.2 0.2 0 250
179 437 0.32 0.32 0 250
179 451 0.49 0.49 0 250
451 453 0.34 0.34 0 250
451 436 0.01 0.01 0 250
437 181 0.2 0.2 0 250
437 67 0.03 0.03 0 250
453 325 0.33 0.33 0 250
436 197 0.32 0.32 0 250
325 68 0.16 0.16 0 250
325 195 0.03 0.03 0 250
67 69 0.17 0.17 0 250
181 307 0.43 0.43 0 250
453 309 0.31 0.31 0 250
69 309 0.23 0.23 0 250
197 196 0.09 0.09 0 250
436 196 0.1 0.1 0 250
309 53 0.27 0.27 0 250
6 134 0.2 0.2 0 69
6 262 0.24 0.24 0 69
134 262 0.07 0.07 0 69
134 390 0.27 0.27 0 69
262 390 0.29 0.29 0 69
262 278 0.27 0.27 0 69
390 405 0.38 0.38 0 69
278 405 0.3 0.3 0 69
390 150 0.1 0.1 0 69
278 150 0.49 0.49 0 69
405 150 0.11 0.11 0 69
150 406 0.11 0.11 0 69
150 22 0.39 0.39 0 69
460 332 0.02 0.02 0 256
460 316 0.41 0.41 0 256
332 316 0.32 0.32 0 256
332 444 0.28 0.28 0 256
316 444 0.27 0.27 0 256
316 427 0.04 0.04 0 256
427 459 0.11 0.11 0 256
444 428 0.17 0.17 0 256
427 298 0.1 0.1 0 256
444 298 0.3 0.3 0 256
459 204 0.25 0.25 0 256
428 187 0.27 0.27 0 256
298 202 0.16 0.16 0 256
298 188 0.41 0.41 0 256
187 60 0.18 0.18 0 256
428 60 0.32 0.32 0 256
459 60 0.29 0.29 0 256
60 59 0.24 0.24 0 256
60 331 0 0 0 256
202 170 0.07 0.07 0 256
202 76 0.39 0.39 0 256
170 314 0.32 0.32 0 256
314 42 0.11 0.11 0 256
331 426 0.2 0.2 0 256
59 426 0.41 0.41 0 256
187 426 0.3 0.3 0 256
314 75 0.2 0.2 0 256
204 315 0.17 0.17 0 256
42 203 0.15 0.15 0 256
170 443 0.2 0.2 0 256
426 443 0.21 0.21 0 256
75 443 0.16 0.16 0 256
315 458 0.25 0.25 0 256
443 330 0.16 0.16 0 256
203 74 0.3 0.3 0 256
203 186 0.11 0.11 0 256
458 58 0.22 0.22 0 256
458 442 0.33 0.33 0 256
313 472 0.37 0.37 0 311
472 311 0.26 0.26 0 311
472 88 0.01 0.01 0 311
311 73 0.25 0.25 0 311
313 216 0.29 0.29 0 311
88 329 0.06 0.06 0 311
216 329 0.44 0.44 0 311
311 329 0.24 0.24 0 311
88 87 0.18 0.18 0 311
216 87 0.06 0.06 0 311
329 87 0.1 0.1 0 311
73 87 0.01 0.01 0 311
87 471 0.15 0.15 0 311
329 471 0.19 0.19 0 311
73 471 0.33 0.33 0 311
471 71 0.28 0.28 0 311
71 343 0.32 0.32 0 311
471 185 0.27 0.27 0 311
87 185 0.36 0.36 0 311
343 183 0.02 0.02 0 311
183 455 0.09 0.09 0 311
455 201 0.23 0.23 0 311
183 201 0.35 0.35 0 311
343 201 0.14 0.14 0 311
201 215 0.35 0.35 0 311
201 456 0.48 0.48 0 311
455 344 0.18 0.18 0 311
215 344 0.12 0.12 0 311
456 344 0.1 0.1 0 311
185 344 0.08 0.08 0 311
71 473 0.12 0.12 0 311
185 473 0.32 0.32 0 311
344 473 0.04 0.04 0 311
215 57 0.06 0.06 0 311
456 57 0.47 0.47 0 311
473 457 0.01 0.01 0 311
473 55 0.43 0.43 0 311
57 199 0.32 0.32 0 311
199 327 0.22 0.22 0 311
457 327 0.09 0.09 0 311
57 327 0.41 0.41 0 311
327 56 0.45 0.45 0 311
56 441 0.07 0.07 0 311
56 72 0.39 0.39 0 311
55 200 0.18 0.18 0 311
55 328 0.22 0.22 0 311
72 184 0.17 0.17 0 311
72 312 0.34 0.34 0 311
503 247 0.23 0.23 0 51
247 119 0.15 0.15 0 51
503 119 0.22 0.22 0 51
119 375 0.32 0.32 0 51
247 375 0.3 0.3 0 51
375 103 0.18 0.18 0 51
103 231 0.34 0.34 0 51
103 359 0.22 0.22 0 51
303 207 0.21 0.21 967 1282
207 47 0.37 0.37 967 1282
303 47 0.21 0.21 967 1282
47 319 0.44 0.44 967 1282
47 429 0 0 967 1282
319 191 0.49 0.49 967 1282
191 302 0.17 0.17 967 1282
191 317 0.41 0.41 967 1282
302 446 0.43 0.43 967 1282
319 446 0.41 0.41 967 1282
317 446 0.29 0.29 967 1282
429 446 0.2 0.2 967 1282
429 46 0.12 0.12 967 1282
446 46 0.24 0.24 967 1282
207 46 0.12 0.12 967 1282
302 46 0.04 0.04 967 1282
317 175 0.08 0.08 967 1282
446 175 0.32 0.32 967 1282
46 430 0.04 0.04 967 1282
175 79 0.47 0.47 967 1282
46 79 0.41 0.41 967 1282
430 62 0.39 0.39 967 1282
79 335 0.11 0.11 967 1282
62 174 0.36 0.36 967 1282
79 431 0.18 0.18 967 1282
335 431 0.39 0.39 967 1282
62 334 0.2 0.2 967 1282
174 334 0.17 0.17 967 1282
431 334 0.07 0.07 967 1282
175 334 0.47 0.47 967 1282
334 190 0.26 0.26 967 1282
190 63 0.19 0.19 967 1282
431 78 0.26 0.26 967 1282
190 78 0.48 0.48 967 1282
174 78 0.09 0.09 967 1282
430 206 0.18 0.18 967 1282
335 206 0.39 0.39 967 1282
334 206 0.08 0.08 967 1282
63 447 0.23 0.23 967 1282
206 447 0.32 0.32 967 1282
63 318 0.22 0.22 967 1282
78 318 0.31 0.31 967 1282
447 61 0.47 0.47 967 1282
206 61 0.19 0.19 967 1282
318 333 0.32 0.32 967 1282
318 205 0.17 0.17 967 1282
61 445 0.4 0.4 967 1282
61 77 0.07 0.07 967 1282
205 189 0.17 0.17 967 1282
78 189 0.39 0.39 967 1282
77 189 0.33 0.33 967 1282
132 259 0.22 0.22 1918 2164
132 3 0.37 0.37 1918 2164
259 3 0.41 0.41 1918 2164
3 4 0.28 0.28 1918 2164
3 147 0.32 0.32 1918 2164
259 147 0.25 0.25 1918 2164
4 163 0.29 0.29 1918 2164
163 261 0.25 0.25 1918 2164
4 261 0.4 0.4 1918 2164
147 261 0.2 0.2 1918 2164
261 35 0.47 0.47 1918 2164
163 260 0.25 0.25 1918 2164
35 260 0.26 0.26 1918 2164
261 403 0.22 0.22 1918 2164
35 403 0.26 0.26 1918 2164
147 403 0.21 0.21 1918 2164
260 403 0.24 0.24 1918 2164
403 291 0.32 0.32 1918 2164
260 291 0.49 0.49 1918 2164
403 404 0.33 0.33 1918 2164
291 404 0.35 0.35 1918 2164
291 20 0.42 0.42 1918 2164
404 20 0.48 0.48 1918 2164
404 388 0.15 0.15 1918 2164
20 388 0.02 0.02 1918 2164
20 387 0.37 0.37 1918 2164
387 131 0.11 0.11 1918 2164
131 405 0.07 0.07 1918 2164
131 389 0.46 0.46 1918 2164
405 275 0.22 0.22 1918 2164
388 275 0.07 0.07 1918 2164
389 275 0 0 1918 2164
387 275 0.39 0.39 1918 2164
275 19 0.18 0.18 1918 2164
389 5 0.48 0.48 1918 2164
275 5 0.11 0.11 1918 2164
19 419 0.4 0.4 1918 2164
19 276 0.07 0.07 1918 2164
276 149 0.08 0.08 1918 2164
276 277 0.03 0.03 1918 2164
149 420 0.11 0.11 1918 2164
405 420 0.4 0.4 1918 2164
5 420 0.14 0.14 1918 2164
388 420 0.07 0.07 1918 2164
5 133 0.42 0.42 1918 2164
419 148 0.04 0.04 1918 2164
148 21 0.09 0.09 1918 2164
148 421 0.2 0.2 1918 2164
277 421 0.06 0.06 1918 2164
419 421 0.48 0.48 1918 2164
350 253 0.28 0.28 2234 2550
253 94 0.47 0.47 2234 2550
253 366 0.16 0.16 2234 2550
94 477 0.26 0.26 2234 2550
477 254 0.12 0.12 2234 2550
477 126 0.38 0.38 2234 2550
94 365 0.06 0.06 2234 2550
126 365 0.29 0.29 2234 2550
366 365 0.14 0.14 2234 2550
365 109 0.26 0.26 2234 2550
365 380 0.4 0.4 2234 2550
109 349 0.28 0.28 2234 2550
254 125 0.05 0.05 2234 2550
254 478 0.46 0.46 2234 2550
478 381 0.27 0.27 2234 2550
109 381 0.02 0.02 2234 2550
125 381 0.07 0.07 2234 2550
349 381 0.08 0.08 2234 2550
349 222 0.39 0.39 2234 2550
126 222 0.28 0.28 2234 2550
222 238 0.28 0.28 2234 2550
380 238 0.06 0.06 2234 2550
350 238 0.37 0.37 2234 2550
478 238 0.27 0.27 2234 2550
222 124 0 0 2234 2550
381 124 0.34 0.34 2234 2550
238 382 0.27 0.27 2234 2550
124 382 0.31 0.31 2234 2550
238 110 0.35 0.35 2234 2550
125 110 0.11 0.11 2234 2550
110 221 0.02 0.02 2234 2550
382 221 0.26 0.26 2234 2550
366 221 0.33 0.33 2234 2550
221 237 0.3 0.3 2234 2550
221 476 0.41 0.41 2234 2550
476 92 0.12 0.12 2234 2550
476 348 0.09 0.09 2234 2550
110 252 0.48 0.48 2234 2550
381 252 0.02 0.02 2234 2550
237 220 0.12 0.12 2234 2550
124 220 0.3 0.3 2234 2550
92 236 0.04 0.04 2234 2550
220 108 0 0 2234 2550
220 93 0.33 0.33 2234 2550
108 364 0.14 0.14 2234 2550
292 36 0.25 0.25 264 398
36 293 0.29 0.29 264 398
36 198 0.37 0.37 264 398
293 166 0.25 0.25 264 398
293 165 0.35 0.35 264 398
292 37 0.36 0.36 264 398
37 164 0.04 0.04 264 398
198 38 0.41 0.41 264 398
37 38 0.08 0.08 264 398
164 326 0.45 0.45 264 398
38 326 0.18 0.18 264 398
326 310 0.17 0.17 264 398
326 294 0.05 0.05 264 398
198 182 0.07 0.07 264 398
164 182 0.01 0.01 264 398
182 70 0.31 0.31 264 398
38 70 0.41 0.41 264 398
165 70 0.24 0.24 264 398
294 54 0.3 0.3 264 398
310 54 0.15 0.15 264 398
261 389 0.44 0.44 1097 1238
389 133 0.36 0.36 1097 1238
133 390 0.27 0.27 1097 1238
261 390 0.02 0.02 1097 1238
390 405 0.46 0.46 1097 1238
405 149 0.39 0.39 1097 1238
149 134 0.01 0.01 1097 1238
149 21 0.19 0.19 1097 1238
405 262 0.15 0.15 1097 1238
390 262 0.36 0.36 1097 1238
133 262 0.18 0.18 1097 1238
134 6 0.1 0.1 1097 1238
389 6 0.41 0.41 1097 1238
21 6 0.31 0.31 1097 1238
262 5 0.12 0.12 1097 1238
134 5 0.1 0.1 1097 1238
21 5 0.23 0.23 1097 1238
6 5 0.49 0.49 1097 1238
262 277 0.01 0.01 1097 1238
5 277 0.33 0.33 1097 1238
277 22 0.37 0.37 1097 1238
277 278 0.47 0.47 1097 1238
22 150 0.22 0.22 1097 1238
22 406 0.22 0.22 1097 1238
121 234 0.07 0.07 2475 2826
121 232 0.18 0.18 2475 2826
234 360 0.33 0.33 2475 2826
234 249 0.19 0.19 2475 2826
249 376 0.3 0.3 2475 2826
232 362 0.11 0.11 2475 2826
376 362 0.48 0.48 2475 2826
360 362 0.06 0.06 2475 2826
362 248 0.21 0.21 2475 2826
362 120 0.12 0.12 2475 2826
120 490 0.07 0.07 2475 2826
376 490 0.12 0.12 2475 2826
249 377 0 0 2475 2826
360 377 0.12 0.12 2475 2826
490 377 0.3 0.3 2475 2826
248 377 0 0 2475 2826
232 106 0.35 0.35 2475 2826
377 233 0.11 0.11 2475 2826
120 378 0.18 0.18 2475 2826
490 378 0.14 0.14 2475 2826
377 378 0.45 0.45 2475 2826
378 361 0.36 0.36 2475 2826
378 346 0.02 0.02 2475 2826
346 104 0.21 0.21 2475 2826
233 104 0.04 0.04 2475 2826
106 104 0.15 0.15 2475 2826
248 104 0.23 0.23 2475 2826
106 504 0.48 0.48 2475 2826
361 505 0.41 0.41 2475 2826
505 474 0.32 0.32 2475 2826
505 250 0.4 0.4 2475 2826
250 488 0.12 0.12 2475 2826
361 105 0.47 0.47 2475 2826
504 122 0.1 0.1 2475 2826
104 122 0.19 0.19 2475 2826
233 90 0.04 0.04 2475 2826
105 90 0.38 0.38 2475 2826
474 90 0.25 0.25 2475 2826
122 90 0.17 0.17 2475 2826
90 489 0.19 0.19 2475 2826
90 218 0.43 0.43 2475 2826
218 89 0.48 0.48 2475 2826
474 89 0.48 0.48 2475 2826
488 217 0.21 0.21 2475 2826
488 345 0.3 0.3 2475 2826
23 264 0.43 0.43 2720 3009
264 136 0.28 0.28 2720 3009
264 263 0.2 0.2 2720 3009
136 8 0.09 0.09 2720 3009
23 8 0.15 0.15 2720 3009
263 279 0.13 0.13 2720 3009
263 408 0.11 0.11 2720 3009
8 408 0.49 0.49 2720 3009
279 408 0.22 0.22 2720 3009
136 408 0.26 0.26 2720 3009
408 6 0.28 0.28 2720 3009
6 262 0.13 0.13 2720 3009
8 262 0.26 0.26 2720 3009
408 7 0.33 0.33 2720 3009
262 7 0.3 0.3 2720 3009
7 392 0.32 0.32 2720 3009
392 151 0.45 0.45 2720 3009
392 278 0.41 0.41 2720 3009
151 135 0.45 0.45 2720 3009
279 135 0.09 0.09 2720 3009
135 390 0.3 0.3 2720 3009
390 407 0.47 0.47 2720 3009
6 407 0.24 0.24 2720 3009
262 407 0.45 0.45 2720 3009
278 39 0.24 0.24 2720 3009
39 134 0.04 0.04 2720 3009
39 406 0.31 0.31 2720 3009
407 406 0.37 0.37 2720 3009
406 280 0.21 0.21 2720 3009
406 167 0.44 0.44 2720 3009
280 22 0.01 0.01 2720 3009
7 22 0.25 0.25 2720 3009
135 22 0.09 0.09 2720 3009
390 391 0.35 0.35 2720 3009
134 391 0.1 0.1 2720 3009
151 391 0.04 0.04 2720 3009
280 391 0.05 0.05 2720 3009
407 40 0.42 0.42 2720 3009
167 40 0.02 0.02 2720 3009
22 40 0.04 0.04 2720 3009
40 152 0.44 0.44 2720 3009
40 150 0.41 0.41 2720 3009
391 295 0.41 0.41 2720 3009
150 296 0.02 0.02 2720 3009
150 168 0.06 0.06 2720 3009
295 24 0.35 0.35 2720 3009
349 93 0.05 0.05 0 52
93 492 0.45 0.45 0 52
93 221 0.04 0.04 0 52
221 92 0.14 0.14 0 52
349 92 0.43 0.43 0 52
492 92 0.2 0.2 0 52
92 220 0.03 0.03 0 52
92 348 0.12 0.12 0 52
132 19 0.22 0.22 2966 3226
19 387 0.38 0.38 2966 3226
132 387 0.1 0.1 2966 3226
387 275 0.23 0.23 2966 3226
19 261 0.11 0.11 2966 3226
275 261 0.47 0.47 2966 3226
261 291 0.24 0.24 2966 3226
261 131 0.19 0.19 2966 3226
291 389 0.27 0.27 2966 3226
291 419 0.16 0.16 2966 3226
131 388 0.31 0.31 2966 3226
131 147 0.29 0.29 2966 3226
387 147 0.2 0.2 2966 3226
389 147 0.18 0.18 2966 3226
275 147 0.27 0.27 2966 3226
147 148 0.1 0.1 2966 3226
419 148 0.11 0.11 2966 3226
388 148 0.22 0.22 2966 3226
148 260 0.22 0.22 2966 3226
148 149 0.45 0.45 2966 3226
260 35 0.27 0.27 2966 3226
149 5 0.08 0.08 2966 3226
147 5 0.49 0.49 2966 3226
419 5 0.45 0.45 2966 3226
5 404 0.11 0.11 2966 3226
404 3 0.12 0.12 2966 3226
388 259 0.28 0.28 2966 3226
389 403 0.43 0.43 2966 3226
3 403 0.34 0.34 2966 3226
5 403 0.33 0.33 2966 3226
404 403 0.11 0.11 2966 3226
259 420 0.23 0.23 2966 3226
259 4 0.21 0.21 2966 3226
403 421 0.07 0.07 2966 3226
403 163 0.48 0.48 2966 3226
420 133 0.21 0.21 2966 3226
420 405 0.39 0.39 2966 3226
133 21 0.48 0.48 2966 3226
21 276 0.18 0.18 2966 3226
405 20 0.4 0.4 2966 3226
421 277 0.43 0.43 2966 3226
416 17 0.49 0.49 3215 3490
17 48 0.05 0.05 3215 3490
416 48 0.49 0.49 3215 3490
17 305 0.28 0.28 3215 3490
305 16 0.38 0.38 3215 3490
48 16 0.45 0.45 3215 3490
48 144 0.47 0.47 3215 3490
305 144 0.22 0.22 3215 3490
16 176 0.24 0.24 3215 3490
16 160 0.1 0.1 3215 3490
144 145 0.4 0.4 3215 3490
144 304 0.15 0.15 3215 3490
145 177 0.29 0.29 3215 3490
145 49 0.39 0.39 3215 3490
304 49 0.06 0.06 3215 3490
176 49 0.46 0.46 3215 3490
177 33 0.21 0.21 3215 3490
49 33 0.38 0.38 3215 3490
160 33 0 0 3215 3490
176 33 0.35 0.35 3215 3490
33 161 0.45 0.45 3215 3490
33 288 0.44 0.44 3215 3490
177 417 0.14 0.14 3215 3490
49 417 0.21 0.21 3215 3490
161 417 0.49 0.49 3215 3490
288 289 0.49 0.49 3215 3490
288 274 0.28 0.28 3215 3490
417 306 0.09 0.09 3215 3490
417 402 0.08 0.08 3215 3490
289 401 0.2 0.2 3215 3490
161 418 0.08 0.08 3215 3490
401 146 0.41 0.41 3215 3490
274 32 0.29 0.29 3215 3490
160 178 0.31 0.31 3215 3490
306 178 0.07 0.07 3215 3490
304 50 0.24 0.24 3215 3490
32 50 0.33 0.33 3215 3490
178 34 0.45 0.45 3215 3490
178 18 0.01 0.01 3215 3490
418 162 0.2 0.2 3215 3490
418 290 0.26 0.26 3215 3490
116 356 0.26 0.26 3464 3751
116 373 0.46 0.46 3464 3751
356 485 0.23 0.23 3464 3751
485 102 0.33 0.33 3464 3751
373 117 0 0 3464 3751
102 212 0.36 0.36 3464 3751
102 101 0.11 0.11 3464 3751
101 228 0.01 0.01 3464 3751
228 245 0.08 0.08 3464 3751
228 229 0.13 0.13 3464 3751
212 100 0.29 0.29 3464 3751
212 244 0.04 0.04 3464 3751
245 484 0.22 0.22 3464 3751
245 357 0.21 0.21 3464 3751
357 374 0.21 0.21 3464 3751
100 85 0.15 0.15 3464 3751
117 118 0.13 0.13 3464 3751
357 118 0.19 0.19 3464 3751
85 340 0.22 0.22 3464 3751
374 246 0.25 0.25 3464 3751
356 86 0.35 0.35 3464 3751
340 84 0.23 0.23 3464 3751
373 358 0.37 0.37 3464 3751
229 358 0.35 0.35 3464 3751
246 358 0.06 0.06 3464 3751
86 372 0.46 0.46 3464 3751
85 372 0.26 0.26 3464 3751
484 372 0.47 0.47 3464 3751
485 341 0.4 0.4 3464 3751
340 341 0.36 0.36 3464 3751
484 341 0.28 0.28 3464 3751
341 342 0.48 0.48 3464 3751
341 230 0.29 0.29 3464 3751
229 214 0.27 0.27 3464 3751
342 214 0.33 0.33 3464 3751
244 213 0.14 0.14 3464 3751
86 470 0.07 0.07 3464 3751
425 407 0.18 0.18 40 143
407 408 0.01 0.01 40 143
408 409 0.24 0.24 40 143
408 440 0.23 0.23 40 143
409 423 0.04 0.04 40 143
440 439 0.49 0.49 40 143
440 424 0.19 0.19 40 143
242 243 0.04 0.04 1614 1751
242 81 0.34 0.34 1614 1751
243 81 0.17 0.17 1614 1751
81 97 0.08 0.08 1614 1751
97 114 0.11 0.11 1614 1751
81 241 0.21 0.21 1614 1751
243 241 0.32 0.32 1614 1751
97 241 0.21 0.21 1614 1751
114 115 0.45 0.45 1614 1751
241 225 0.16 0.16 1614 1751
114 225 0.41 0.41 1614 1751
115 226 0.28 0.28 1614 1751
115 99 0.45 0.45 1614 1751
241 113 0.11 0.11 1614 1751
99 113 0.36 0.36 1614 1751
225 113 0.21 0.21 1614 1751
226 82 0.07 0.07 1614 1751
226 98 0.3 0.3 1614 1751
82 227 0.35 0.35 1614 1751
82 210 0.45 0.45 1614 1751
143 30 0.24 0.24 2966 3115
30 31 0.31 0.31 2966 3115
30 287 0.42 0.42 2966 3115
31 270 0.1 0.1 2966 3115
287 399 0.28 0.28 2966 3115
287 159 0.28 0.28 2966 3115
270 14 0.02 0.02 2966 3115
143 14 0.21 0.21 2966 3115
31 14 0.18 0.18 2966 3115
159 14 0.04 0.04 2966 3115
14 15 0.03 0.03 2966 3115
399 271 0.08 0.08 2966 3115
270 271 0.12 0.12 2966 3115
399 142 0.02 0.02 2966 3115
271 142 0.43 0.43 2966 3115
14 142 0.02 0.02 2966 3115
142 158 0.09 0.09 2966 3115
15 414 0.34 0.34 2966 3115
142 415 0.18 0.18 2966 3115
15 415 0.34 0.34 2966 3115
158 415 0.41 0.41 2966 3115
271 286 0.47 0.47 2966 3115
158 286 0.31 0.31 2966 3115
414 286 0.47 0.47 2966 3115
469 179 0.21 0.21 3714 3952
179 453 0.36 0.36 3714 3952
469 307 0.39 0.39 3714 3952
179 307 0.31 0.31 3714 3952
453 307 0.48 0.48 3714 3952
453 467 0.35 0.35 3714 3952
467 339 0.4 0.4 3714 3952
339 51 0.35 0.35 3714 3952
307 323 0.31 0.31 3714 3952
339 323 0.49 0.49 3714 3952
467 323 0.01 0.01 3714 3952
51 323 0.22 0.22 3714 3952
51 468 0.49 0.49 3714 3952
323 468 0.08 0.08 3714 3952
307 468 0.31 0.31 3714 3952
468 451 0.32 0.32 3714 3952
323 451 0.3 0.3 3714 3952
451 211 0.28 0.28 3714 3952
468 211 0.17 0.17 3714 3952
211 308 0.34 0.34 3714 3952
308 452 0.15 0.15 3714 3952
211 452 0.44 0.44 3714 3952
451 452 0.19 0.19 3714 3952
308 180 0.28 0.28 3714 3952
180 437 0.23 0.23 3714 3952
452 437 0.16 0.16 3714 3952
437 435 0.14 0.14 3714 3952
435 195 0.39 0.39 3714 3952
437 324 0 0 3714 3952
180 324 0.32 0.32 3714 3952
435 324 0.09 0.09 3714 3952
195 83 0.36 0.36 3714 3952
324 325 0.33 0.33 3714 3952
324 53 0.42 0.42 3714 3952
53 197 0.01 0.01 3714 3952
452 196 0.37 0.37 3714 3952
325 196 0.15 0.15 3714 3952
325 436 0.46 0.46 3714 3952
195 68 0.45 0.45 3714 3952
436 68 0.45 0.45 3714 3952
83 68 0.42 0.42 3714 3952
53 68 0.3 0.3 3714 3952
68 69 0.45 0.45 3714 3952
68 67 0.41 0.41 3714 3952
69 309 0 0 3714 3952
309 52 0.06 0.06 3714 3952
309 181 0.39 0.39 3714 3952
375 119 0.35 0.35 91 165
375 503 0.38 0.38 91 165
119 103 0.08 0.08 91 165
103 247 0.47 0.47 91 165
119 247 0.28 0.28 91 165
103 359 0.01 0.01 91 165
359 488 0.47 0.47 91 165
503 231 0.04 0.04 91 165
284 156 0.18 0.18 3969 4093
156 412 0.19 0.19 3969 4093
156 396 0.23 0.23 3969 4093
284 396 0.2 0.2 3969 4093
412 396 0.02 0.02 3969 4093
396 12 0.26 0.26 3969 4093
396 140 0.26 0.26 3969 4093
140 139 0.16 0.16 3969 4093
412 139 0.21 0.21 3969 4093
139 28 0.43 0.43 3969 4093
139 11 0.27 0.27 3969 4093
28 395 0.01 0.01 3969 4093
12 395 0.33 0.33 3969 4093
12 267 0.26 0.26 3969 4093
11 268 0.17 0.17 3969 4093
267 268 0.36 0.36 3969 4093
28 268 0.14 0.14 3969 4093
140 268 0.22 0.22 3969 4093
395 155 0.28 0.28 3969 4093
268 155 0.13 0.13 3969 4093
155 27 0.41 0.41 3969 4093
155 283 0.37 0.37 3969 4093
187 315 0.26 0.26 4225 4369
315 299 0.41 0.41 4225 4369
299 59 0.45 0.45 4225 4369
59 171 0.07 0.07 4225 4369
187 171 0 0 4225 4369
315 43 0.1 0.1 4225 4369
171 43 0.43 0.43 4225 4369
59 43 0.35 0.35 4225 4369
43 298 0.24 0.24 4225 4369
43 442 0.29 0.29 4225 4369
171 427 0.22 0.22 4225 4369
298 427 0.07 0.07 4225 4369
299 427 0.29 0.29 4225 4369
442 170 0.21 0.21 4225 4369
427 42 0.35 0.35 4225 4369
298 42 0.32 0.32 4225 4369
442 42 0.35 0.35 4225 4369
170 42 0.49 0.49 4225 4369
42 426 0.15 0.15 4225 4369
42 186 0.14 0.14 4225 4369
427 58 0.17 0.17 4225 4369
426 58 0.33 0.33 4225 4369
186 58 0.17 0.17 4225 4369
170 58 0.29 0.29 4225 4369
58 314 0.37 0.37 4225 4369
186 314 0.18 0.18 4225 4369
426 314 0.07 0.07 4225 4369
388 19 0.41 0.41 4485 4646
388 259 0.16 0.16 4485 4646
259 147 0.11 0.11 4485 4646
19 147 0.15 0.15 4485 4646
147 131 0.46 0.46 4485 4646
147 403 0.15 0.15 4485 4646
131 275 0.21 0.21 4485 4646
403 387 0.21 0.21 4485 4646
387 132 0.16 0.16 4485 4646
403 132 0.13 0.13 4485 4646
275 20 0.09 0.09 4485 4646
275 4 0.1 0.1 4485 4646
132 3 0.36 0.36 4485 4646
132 148 0.36 0.36 4485 4646
148 276 0.34 0.34 4485 4646
148 260 0 0 4485 4646
93 349 0.05 0.05 143 199
93 492 0.03 0.03 143 199
492 221 0.17 0.17 143 199
349 221 0.34 0.34 143 199
221 348 0.19 0.19 143 199
492 348 0.45 0.45 143 199
349 348 0.25 0.25 143 199
348 92 0.21 0.21 143 199
221 220 0.17 0.17 143 199
92 220 0.16 0.16 143 199
348 220 0.16 0.16 143 199
387 259 0.39 0.39 4646 4780
259 275 0.34 0.34 4646 4780
259 132 0.28 0.28 4646 4780
132 3 0.13 0.13 4646 4780
132 260 0.49 0.49 4646 4780
260 388 0.47 0.47 4646 4780
275 147 0.48 0.48 4646 4780
275 19 0.32 0.32 4646 4780
19 403 0.1 0.1 4646 4780
19 4 0.32 0.32 4646 4780
4 131 0.31 0.31 4646 4780
3 131 0.28 0.28 4646 4780
403 131 0.08 0.08 4646 4780
388 276 0.43 0.43 4646 4780
387 276 0.08 0.08 4646 4780
403 276 0.41 0.41 4646 4780
131 276 0.07 0.07 4646 4780
276 20 0.15 0.15 4646 4780
147 148 0.34 0.34 4646 4780
260 148 0.12 0.12 4646 4780
276 148 0.25 0.25 4646 4780
131 148 0.18 0.18 4646 4780
256 272 0.32 0.32 197 272
272 400 0.11 0.11 197 272
400 257 0 0 197 272
256 385 0.13 0.13 197 272
272 385 0.11 0.11 197 272
385 384 0.02 0.02 197 272
385 273 0.04 0.04 197 272
337 336 0.18 0.18 264 308
337 352 0.2 0.2 264 308
336 464 0.27 0.27 264 308
352 464 0.49 0.49 264 308
464 353 0.31 0.31 264 308
464 465 0.13 0.13 264 308
465 481 0.22 0.22 264 308
465 480 0.31 0.31 264 308
261 275 0.36 0.36 4780 5084
275 291 0.36 0.36 4780 5084
275 277 0.24 0.24 4780 5084
261 277 0.48 0.48 4780 5084
277 163 0.25 0.25 4780 5084
291 147 0.23 0.23 4780 5084
147 404 0.26 0.26 4780 5084
291 404 0.37 0.37 4780 5084
163 404 0.15 0.15 4780 5084
277 404 0.42 0.42 4780 5084
404 4 0.31 0.31 4780 5084
163 4 0.07 0.07 4780 5084
147 35 0.06 0.06 4780 5084
4 35 0.12 0.12 4780 5084
404 35 0.24 0.24 4780 5084
35 5 0.24 0.24 4780 5084
4 5 0.1 0.1 4780 5084
5 149 0.06 0.06 4780 5084
35 388 0.2 0.2 4780 5084
149 388 0.05 0.05 4780 5084
388 389 0.12 0.12 4780 5084
388 3 0.04 0.04 4780 5084
149 19 0.01 0.01 4780 5084
389 19 0.26 0.26 4780 5084
5 19 0.22 0.22 4780 5084
3 19 0.1 0.1 4780 5084
389 405 0.32 0.32 4780 5084
3 405 0.42 0.42 4780 5084
405 419 0.4 0.4 4780 5084
419 259 0.1 0.1 4780 5084
19 131 0.04 0.04 4780 5084
131 403 0.43 0.43 4780 5084
403 133 0.33 0.33 4780 5084
131 133 0.08 0.08 4780 5084
419 133 0.09 0.09 4780 5084
259 276 0.07 0.07 4780 5084
276 132 0.47 0.47 4780 5084
133 387 0.38 0.38 4780 5084
405 387 0.37 0.37 4780 5084
132 387 0.38 0.38 4780 5084
403 387 0.39 0.39 4780 5084
133 260 0.16 0.16 4780 5084
387 148 0.17 0.17 4780 5084
260 20 0.49 0.49 4780 5084
260 420 0.36 0.36 4780 5084
148 21 0.38 0.38 4780 5084
19 421 0.45 0.45 4780 5084
420 421 0.19 0.19 4780 5084
259 421 0.39 0.39 4780 5084
138 394 0.06 0.06 333 401
394 10 0.47 0.47 333 401
10 282 0.39 0.39 333 401
394 282 0.03 0.03 333 401
282 266 0.35 0.35 333 401
282 411 0.11 0.11 333 401
411 26 0.21 0.21 333 401
26 154 0.37 0.37 333 401
138 154 0.29 0.29 333 401
10 154 0.35 0.35 333 401
411 154 0.33 0.33 333 401
17 0 0.13 0.13 416 519
17 128 0.31 0.31 416 519
0 16 0.1 0.1 416 519
128 16 0.29 0.29 416 519
16 1 0.08 0.08 416 519
1 144 0.32 0.32 416 519
128 145 0.21 0.21 416 519
144 129 0.39 0.39 416 519
