44 40 0.07 0.07 0 353
40 24 0.362 0.362 0 353
24 8 0.362 0.362 0 353
8 56 0.049 0.049 0 353
44 60 0.353 0.353 0 353
60 61 0.357 0.357 0 353
61 10 0.094 0.094 0 353
10 26 0.5 0.5 0 353
26 58 0.313 0.313 0 353
58 43 0.016 0.016 0 353
43 42 0.157 0.157 0 353
42 59 0.016 0.016 0 353
59 27 0.016 0.016 0 353
27 11 0.016 0.016 0 353
11 15 0.157 0.157 0 353
15 14 0.353 0.353 0 353
14 30 0.357 0.357 0 353
30 29 0.094 0.094 0 353
29 45 0.5 0.5 0 353
45 47 0.313 0.313 0 353
47 9 0.016 0.016 0 353
9 25 0.157 0.157 0 353
25 57 0.54 0.54 0 353
15 63 0.126 0.126 0 353
63 31 0.54 0.54 0 353
