83 1th runtime
135 2th runtime
186 3th runtime
100 4th runtime
163 5th runtime
255 6th runtime
131 7th runtime
67 8th runtime
130 9th runtime
40 10th runtime
241 11th runtime
148 12th runtime
54 13th runtime
245 14th runtime
97 15th runtime
249 16th runtime
249 17th runtime
125 18th runtime
126 19th runtime
250 20th runtime
69 21th runtime
256 22th runtime
311 23th runtime
51 24th runtime
315 25th runtime
246 26th runtime
316 27th runtime
134 28th runtime
141 29th runtime
351 30th runtime
289 31th runtime
52 32th runtime
260 33th runtime
275 34th runtime
287 35th runtime
103 36th runtime
137 37th runtime
149 38th runtime
238 39th runtime
74 40th runtime
124 41th runtime
144 42th runtime
161 43th runtime
56 44th runtime
134 45th runtime
75 46th runtime
44 47th runtime
304 48th runtime
68 49th runtime
103 50th runtime
17 apps selected
Dimensions
1 3 1
2 3 1
3 3 1
4 2 2
5 2 2
6 0 4
7 1 3
8 1 3
9 1 2
10 0 4
11 0 3
12 1 2
13 1 2
14 0 1
15 1 2
18 0 2
21 0 3
0 apps selected
Dimensions
7 apps selected
Dimensions
2 3 1
3 0 2
4 3 1
5 0 2
12 0 2
15 1 1
24 3 1
0 apps selected
Dimensions
3 apps selected
Dimensions
2 0 4
12 0 2
32 3 1
3 apps selected
Dimensions
2 0 4
12 0 2
19 -1 -1
2 apps selected
Dimensions
2 0 4
16 -1 -1
3 apps selected
Dimensions
2 2 2
19 1 3
32 0 2
0 apps selected
Dimensions
2 apps selected
Dimensions
2 3 1
36 1 3
2 apps selected
Dimensions
2 3 1
28 0 4
2 apps selected
Dimensions
2 3 1
17 -1 -1
3 apps selected
Dimensions
2 3 1
16 -1 -1
36 1 3
3 apps selected
Dimensions
2 3 1
16 -1 -1
40 -1 -1
3 apps selected
Dimensions
2 3 1
16 -1 -1
28 0 4
3 apps selected
Dimensions
2 3 1
16 -1 -1
17 -1 -1
4 apps selected
Dimensions
2 2 2
16 3 1
17 0 4
40 0 2
0 apps selected
Dimensions
2 apps selected
Dimensions
16 3 1
44 0 2
3 apps selected
Dimensions
16 3 1
28 0 4
44 0 4
0 apps selected
Dimensions
2 apps selected
Dimensions
16 3 1
20 -1 -1
3 apps selected
Dimensions
16 3 1
20 0 4
46 0 4
0 apps selected
Dimensions
3 apps selected
Dimensions
16 3 1
20 0 2
28 1 3
0 apps selected
Dimensions
3 apps selected
Dimensions
16 3 1
20 0 2
29 -1 -1
3 apps selected
Dimensions
16 3 1
22 -1 -1
29 -1 -1
2 apps selected
Dimensions
16 3 1
22 -1 -1
3 apps selected
Dimensions
16 3 1
22 -1 -1
25 -1 -1
5 apps selected
Dimensions
16 2 2
22 2 2
23 0 2
29 0 2
47 3 1
0 apps selected
Dimensions
3 apps selected
Dimensions
16 2 2
22 0 4
49 0 4
0 apps selected
Dimensions
3 apps selected
Dimensions
16 2 2
22 0 4
25 -1 -1
3 apps selected
Dimensions
16 2 2
25 -1 -1
26 -1 -1
4 apps selected
Dimensions
16 2 2
25 0 4
37 2 2
50 3 1
0 apps selected
Dimensions
2 apps selected
Dimensions
16 2 2
25 0 4
2 apps selected
Dimensions
16 2 2
25 0 4
3 apps selected
Dimensions
16 2 2
25 0 4
38 -1 -1
3 apps selected
Dimensions
16 2 2
25 0 4
26 -1 -1
3 apps selected
Dimensions
16 2 2
25 1 3
26 0 4
0 apps selected
Dimensions
3 apps selected
Dimensions
16 3 1
26 2 1
27 0 2
4 apps selected
Dimensions
16 2 2
26 2 2
27 0 4
38 0 2
0 apps selected
Dimensions
3 apps selected
Dimensions
26 2 2
27 0 4
41 3 1
0 apps selected
Dimensions
3 apps selected
Dimensions
27 0 4
30 0 2
41 3 1
0 apps selected
Dimensions
3 apps selected
Dimensions
27 2 2
31 0 2
41 0 4
0 apps selected
Dimensions
1 apps selected
Dimensions
33 -1 -1
2 apps selected
Dimensions
33 -1 -1
34 -1 -1
4 apps selected
Dimensions
33 -1 -1
34 -1 -1
35 -1 -1
41 0 4
4 apps selected
Dimensions
33 -1 -1
34 -1 -1
35 -1 -1
42 -1 -1
4 apps selected
Dimensions
33 -1 -1
34 -1 -1
35 -1 -1
39 -1 -1
6 apps selected
Dimensions
33 -1 -1
34 -1 -1
35 -1 -1
39 -1 -1
42 -1 -1
43 -1 -1
7 apps selected
Dimensions
33 -1 -1
34 -1 -1
35 -1 -1
39 -1 -1
42 -1 -1
43 -1 -1
45 -1 -1
8 apps selected
Dimensions
33 -1 -1
34 -1 -1
35 -1 -1
39 -1 -1
42 -1 -1
43 -1 -1
45 -1 -1
48 -1 -1
8 apps selected
Dimensions
33 3 1
34 1 3
35 0 4
39 1 2
42 0 4
43 0 3
45 0 3
48 0 2
1 apps selected
Dimensions
33 3 1
2 apps selected
Dimensions
33 2 2
39 2 2
1 apps selected
Dimensions
39 0 2
1 apps selected
Dimensions
39 2 2
1 apps selected
Dimensions
39 2 2
1 apps selected
Dimensions
39 2 2
1 apps selected
Dimensions
39 3 1
1 apps selected
Dimensions
39 3 1
10000 0 208 0 83 
10001 0 209 0 83 
10002 0 216 0 83 
10003 0 217 0 83 
10004 0 218 0 83 
10005 0 224 0 83 
10006 0 225 0 83 
10007 0 226 0 83 
20000 0 174 137 272 
20001 0 175 137 272 
20002 0 182 137 272 
20003 0 183 137 272 
20004 0 190 137 272 
20005 0 191 137 272 
20006 0 237 137 272 
20007 0 238 137 272 
20008 0 239 137 272 
20009 0 245 137 272 
20010 0 246 137 272 
20011 0 247 137 272 
20012 0 253 137 272 
20013 0 254 137 272 
20014 0 255 137 272 
30000 0 24 40 203 
30000 1 40 203 226 
30001 0 25 40 203 
30001 1 41 203 226 
30002 0 26 40 203 
30002 1 42 203 226 
30003 0 32 40 203 
30003 1 48 203 226 
30004 0 33 40 203 
30004 1 49 203 226 
30005 0 34 40 203 
30005 1 50 203 226 
30006 0 40 40 203 
30006 1 56 203 226 
30007 0 41 40 203 
30007 1 57 203 226 
30008 0 42 40 203 
30008 1 58 203 226 
30009 0 88 40 203 
30009 1 104 203 226 
30010 0 89 40 203 
30010 1 105 203 226 
30011 0 90 40 203 
30011 1 106 203 226 
30012 0 96 40 203 
30012 1 112 203 226 
30013 0 97 40 203 
30013 1 113 203 226 
30014 0 98 40 203 
30014 1 114 203 226 
30015 0 104 40 203 
30015 1 120 203 226 
40000 0 236 40 91 
40000 1 234 91 140 
40001 0 235 40 91 
40001 1 233 91 140 
40002 0 234 40 140 
40002 2 232 91 140 
40003 0 244 40 91 
40003 1 242 91 140 
40004 0 243 40 91 
40004 1 241 91 140 
40005 0 242 40 140 
40005 2 240 91 140 
40006 0 252 40 91 
40006 1 250 91 140 
40007 0 251 40 91 
40007 1 249 91 140 
50000 0 43 40 203 
50001 0 51 40 203 
50002 0 50 40 203 
50003 0 49 40 203 
50004 0 59 40 203 
50005 0 58 40 203 
50006 0 57 40 203 
50007 0 107 40 203 
50008 0 106 40 203 
50009 0 105 40 203 
50010 0 115 40 203 
50011 0 114 40 203 
50012 0 113 40 203 
50013 0 123 40 203 
50014 0 122 40 203 
60000 0 0 0 255 
60001 0 1 0 255 
60002 0 2 0 255 
60003 0 8 0 255 
60004 0 9 0 255 
60005 0 10 0 255 
60006 0 16 0 255 
60007 0 17 0 255 
60008 0 18 0 255 
60009 0 64 0 255 
60010 0 65 0 255 
60011 0 66 0 255 
60012 0 72 0 255 
60013 0 73 0 255 
60014 0 74 0 255 
60015 0 80 0 255 
60016 0 81 0 255 
60017 0 82 0 255 
60018 0 128 0 255 
60019 0 129 0 255 
60020 0 130 0 255 
60021 0 136 0 255 
60022 0 137 0 255 
60023 0 138 0 255 
60024 0 144 0 255 
60025 0 145 0 255 
60026 0 146 0 255 
60027 0 192 0 255 
60028 0 193 0 255 
60029 0 194 0 255 
70000 0 83 0 131 
70001 0 84 0 131 
70002 0 131 0 131 
70003 0 132 0 131 
70004 0 139 0 131 
70005 0 140 0 131 
70006 0 147 0 131 
70007 0 148 0 131 
70008 0 195 0 131 
70009 0 196 0 131 
70010 0 202 0 131 
70011 0 203 0 131 
70012 0 204 0 131 
70013 0 210 0 131 
70014 0 211 0 131 
80000 0 134 0 67 
80001 0 133 0 67 
80002 0 141 0 67 
80003 0 198 0 67 
80004 0 197 0 67 
80005 0 206 0 67 
80006 0 205 0 67 
90000 0 191 0 130 
90001 0 190 0 130 
90002 0 183 0 130 
90003 0 182 0 130 
90004 0 175 0 130 
90005 0 174 0 130 
90006 0 255 0 130 
90007 0 254 0 130 
90008 0 253 0 130 
90009 0 247 0 130 
90010 0 246 0 130 
90011 0 245 0 130 
90012 0 239 0 130 
90013 0 238 0 130 
90014 0 237 0 130 
100000 0 7 0 40 
100001 0 6 0 40 
100002 0 15 0 40 
100002 2 7 67 69 
100003 0 14 0 40 
100003 2 6 67 69 
100004 0 71 0 40 
100005 0 70 0 40 
100006 0 79 0 40 
100006 2 71 67 69 
110000 0 63 0 241 
110001 0 62 0 241 
110002 0 61 0 241 
110003 0 60 0 241 
110004 0 55 0 241 
110005 0 54 0 241 
110006 0 53 0 241 
110007 0 52 0 241 
110008 0 47 0 241 
110009 0 46 0 241 
110010 0 45 0 241 
110011 0 44 0 241 
110012 0 39 0 241 
110013 0 38 0 241 
110014 0 37 0 241 
110015 0 36 0 241 
110016 0 127 0 241 
110017 0 126 0 241 
110018 0 125 0 241 
110019 0 124 0 241 
110020 0 119 0 241 
110021 0 118 0 241 
110022 0 117 0 241 
110023 0 116 0 241 
110024 0 111 0 241 
110025 0 110 0 241 
110026 0 109 0 241 
110027 0 108 0 241 
110028 0 103 0 241 
110029 0 102 0 241 
120000 0 15 67 215 
120001 0 14 67 215 
120002 0 23 67 215 
120003 0 22 67 215 
120004 0 31 67 215 
120005 0 30 67 215 
120006 0 29 67 215 
120007 0 79 67 215 
120008 0 78 67 215 
120009 0 87 67 215 
120010 0 86 67 215 
120011 0 85 67 215 
120012 0 95 67 215 
120013 0 94 67 215 
120014 0 93 67 215 
130000 0 158 0 54 
130001 0 159 0 54 
130002 0 166 0 54 
130003 0 167 0 54 
130004 0 222 0 54 
130005 0 223 0 54 
130006 0 230 0 54 
140000 0 184 0 245 
140001 0 185 0 245 
140002 0 186 0 245 
140003 0 187 0 245 
140004 0 188 0 245 
140005 0 189 0 245 
140006 0 176 0 245 
140007 0 177 0 245 
140008 0 178 0 245 
140009 0 179 0 245 
140010 0 180 0 245 
140011 0 181 0 245 
140012 0 168 0 245 
140013 0 169 0 245 
140014 0 170 0 245 
140015 0 171 0 245 
140016 0 172 0 245 
140017 0 173 0 245 
140018 0 160 0 245 
140019 0 161 0 245 
140020 0 162 0 245 
140021 0 163 0 245 
140022 0 164 0 245 
140023 0 165 0 245 
140024 0 152 0 245 
140025 0 153 0 245 
140026 0 154 0 245 
140027 0 155 0 245 
140028 0 156 0 245 
140029 0 157 0 245 
150000 0 212 40 54 
150000 1 214 54 137 
150001 0 213 40 54 
150001 1 215 54 137 
150001 3 197 67 137 
150002 0 219 40 54 
150002 1 221 54 137 
150003 0 220 40 54 
150003 1 222 54 137 
150004 0 221 40 54 
150004 1 223 54 137 
150004 2 205 67 137 
150005 0 227 40 54 
150005 1 229 54 137 
150006 0 228 40 54 
150006 1 230 54 137 
150007 0 229 40 54 
150007 1 231 54 137 
150007 2 213 67 137 
160000 0 163 386 386 
160000 1 164 386 635 
160001 0 164 386 386 
160001 1 165 386 635 
160002 0 165 386 386 
160002 1 166 386 635 
160003 0 166 386 386 
160003 1 167 386 635 
160004 0 171 386 386 
160004 1 172 386 635 
160005 0 172 386 386 
160005 1 173 386 635 
160006 0 173 386 386 
160006 1 174 386 635 
160007 0 174 386 386 
160007 1 175 386 635 
160008 0 179 386 386 
160008 1 180 386 635 
160009 0 180 386 386 
160009 1 181 386 635 
160010 0 181 386 386 
160010 1 182 386 635 
160011 0 182 386 386 
160011 1 183 386 635 
160012 0 187 386 386 
160012 1 188 386 635 
160013 0 188 386 386 
160013 1 189 386 635 
160014 0 189 386 386 
160014 1 190 386 635 
160015 0 190 386 386 
160015 1 191 386 635 
160016 0 227 386 386 
160016 1 228 386 635 
160017 0 228 386 386 
160017 1 229 386 635 
160018 0 229 386 386 
160018 1 230 386 635 
160019 0 230 386 386 
160019 1 231 386 635 
160020 0 235 386 386 
160020 1 236 386 635 
160021 0 236 386 386 
160021 1 237 386 635 
160022 0 237 386 386 
160022 1 238 386 635 
160023 0 238 386 386 
160023 1 239 386 635 
160024 0 243 386 386 
160024 1 244 386 635 
160025 0 244 386 386 
160025 1 245 386 635 
160026 0 245 386 386 
160026 1 246 386 635 
160027 0 246 386 386 
160027 1 247 386 635 
160028 0 251 386 386 
160028 1 252 386 635 
160029 0 252 386 386 
160029 1 253 386 635 
160030 0 253 386 386 
160030 1 254 386 635 
170000 0 3 137 349 
170000 1 5 349 386 
170001 0 4 137 349 
170001 1 6 349 386 
170002 0 5 137 349 
170002 1 7 349 386 
170003 0 11 137 349 
170003 1 13 349 386 
170004 0 12 137 349 
170004 1 14 349 386 
170005 0 13 137 349 
170005 1 15 349 386 
170006 0 19 137 349 
170006 1 21 349 386 
170007 0 20 137 349 
170007 1 22 349 386 
170008 0 21 137 349 
170008 1 23 349 386 
170009 0 67 137 349 
170009 1 69 349 386 
170010 0 68 137 349 
170010 1 70 349 386 
170011 0 69 137 349 
170011 1 71 349 386 
170012 0 75 137 349 
170012 1 77 349 386 
170013 0 76 137 349 
170013 1 78 349 386 
170014 0 77 137 349 
170014 1 79 349 386 
170015 0 83 137 349 
170015 1 85 349 386 
170016 0 84 137 349 
170016 1 86 349 386 
170017 0 131 137 349 
170017 1 133 349 386 
170018 0 132 137 349 
170018 1 134 349 386 
170019 0 139 137 349 
170019 1 141 349 386 
170020 0 140 137 349 
170020 1 142 349 386 
170021 0 147 137 349 
170021 1 149 349 386 
170022 0 148 137 349 
170022 1 150 349 386 
170023 0 195 137 349 
170023 1 197 349 386 
170024 0 196 137 349 
170024 1 198 349 386 
170025 0 197 137 349 
170025 1 199 349 386 
170026 0 203 137 349 
170026 1 205 349 386 
170027 0 204 137 349 
170027 1 206 349 386 
170028 0 205 137 349 
170028 1 207 349 386 
170029 0 211 137 349 
170029 1 213 349 386 
180000 0 3 0 125 
180001 0 4 0 125 
180002 0 5 0 125 
180003 0 11 0 125 
180004 0 12 0 125 
180005 0 13 0 125 
180006 0 19 0 125 
180007 0 20 0 125 
180008 0 21 0 125 
180009 0 67 0 125 
180010 0 68 0 125 
180011 0 69 0 125 
180012 0 75 0 125 
180013 0 76 0 125 
180014 0 77 0 125 
190000 0 70 69 195 
190001 0 71 69 195 
190002 0 133 69 195 
190003 0 134 69 195 
190004 0 135 69 195 
190005 0 141 69 195 
190006 0 142 69 195 
190007 0 143 69 195 
190008 0 149 69 195 
190009 0 150 69 195 
190010 0 151 69 195 
190011 0 198 69 195 
190012 0 199 69 195 
190013 0 206 69 195 
190014 0 207 69 195 
200000 0 24 226 226 
200000 1 32 226 476 
200001 0 25 226 226 
200001 1 33 226 476 
200002 0 26 226 226 
200002 1 34 226 476 
200003 0 27 226 226 
200003 1 35 226 476 
200004 0 32 226 226 
200004 1 40 226 476 
200005 0 33 226 226 
200005 1 41 226 476 
200006 0 34 226 226 
200006 1 42 226 476 
200007 0 35 226 226 
200007 1 43 226 476 
200008 0 40 226 226 
200008 1 48 226 476 
200009 0 41 226 226 
200009 1 49 226 476 
200010 0 42 226 226 
200010 1 50 226 476 
200011 0 43 226 226 
200011 1 51 226 476 
200012 0 48 226 226 
200012 1 56 226 476 
200013 0 49 226 226 
200013 1 57 226 476 
200014 0 50 226 226 
200014 1 58 226 476 
200015 0 51 226 226 
200015 1 59 226 476 
200016 0 88 226 226 
200016 1 96 226 476 
200017 0 89 226 226 
200017 1 97 226 476 
200018 0 90 226 226 
200018 1 98 226 476 
200019 0 96 226 226 
200019 1 104 226 476 
200020 0 97 226 226 
200020 1 105 226 476 
200021 0 98 226 226 
200021 1 106 226 476 
200022 0 104 226 226 
200022 1 112 226 476 
200023 0 105 226 226 
200023 1 113 226 476 
200024 0 106 226 226 
200024 1 114 226 476 
200025 0 107 226 226 
200025 1 115 226 476 
200026 0 112 226 226 
200026 1 120 226 476 
200027 0 113 226 226 
200027 1 121 226 476 
200028 0 114 226 226 
200028 1 122 226 476 
200029 0 115 226 226 
200029 1 123 226 476 
210000 0 23 0 67 
210000 1 15 67 69 
210001 0 22 0 67 
210001 1 14 67 69 
210002 0 78 0 69 
210002 2 70 67 69 
210003 0 87 0 67 
210003 1 79 67 69 
210004 0 86 0 67 
210004 1 78 67 69 
210005 0 143 0 69 
210005 2 135 67 69 
210006 0 142 0 69 
210006 2 134 67 69 
210007 0 151 0 67 
210007 1 143 67 69 
210008 0 150 0 67 
210008 1 142 67 69 
220000 0 0 255 511 
220001 0 1 255 511 
220002 0 2 255 511 
220003 0 8 255 511 
220004 0 9 255 511 
220005 0 10 255 511 
220006 0 16 255 511 
220007 0 17 255 511 
220008 0 18 255 511 
220009 0 64 255 511 
220010 0 65 255 511 
220011 0 66 255 511 
220012 0 72 255 511 
220013 0 73 255 511 
220014 0 74 255 511 
220015 0 80 255 511 
220016 0 81 255 511 
220017 0 82 255 511 
220018 0 128 255 511 
220019 0 129 255 511 
220020 0 130 255 511 
220021 0 136 255 511 
220022 0 137 255 511 
220023 0 138 255 511 
220024 0 144 255 511 
220025 0 145 255 511 
220026 0 146 255 511 
220027 0 200 255 511 
220028 0 201 255 511 
220029 0 202 255 511 
230000 0 36 245 556 
230001 0 37 245 556 
230002 0 38 245 556 
230003 0 39 245 556 
230004 0 44 245 556 
230005 0 45 245 556 
230006 0 46 245 556 
230007 0 47 245 556 
230008 0 52 245 556 
230009 0 53 245 556 
230010 0 54 245 556 
230011 0 55 245 556 
230012 0 60 245 556 
230013 0 61 245 556 
230014 0 62 245 556 
230015 0 63 245 556 
230016 0 100 245 556 
230017 0 101 245 556 
230018 0 102 245 556 
230019 0 103 245 556 
230020 0 108 245 556 
230021 0 109 245 556 
230022 0 110 245 556 
230023 0 111 245 556 
230024 0 116 245 556 
230025 0 117 245 556 
230026 0 118 245 556 
230027 0 119 245 556 
230028 0 124 245 556 
230029 0 125 245 556 
230030 0 126 245 556 
240000 0 250 40 91 
240000 2 248 91 140 
240001 0 249 40 91 
240002 0 248 40 91 
240003 0 241 40 91 
240004 0 240 40 91 
240005 0 233 40 91 
240006 0 232 40 91 
250000 0 67 375 386 
250000 1 68 386 690 
250001 0 68 375 386 
250001 1 69 386 690 
250002 0 75 375 386 
250002 1 76 386 690 
250003 0 76 375 386 
250003 1 77 386 690 
250004 0 83 375 386 
250004 1 84 386 690 
250005 0 84 375 386 
250005 1 85 386 690 
250006 0 91 375 386 
250006 1 92 386 690 
250007 0 92 375 386 
250007 1 93 386 690 
250008 0 93 375 386 
250008 1 94 386 690 
250009 0 94 375 386 
250009 1 95 386 690 
250010 0 131 375 386 
250010 1 132 386 690 
250011 0 132 375 386 
250011 1 133 386 690 
250012 0 139 375 386 
250012 1 140 386 690 
250013 0 140 375 386 
250013 1 141 386 690 
250014 0 147 375 386 
250014 1 148 386 690 
250015 0 148 375 386 
250015 1 149 386 690 
250016 0 155 375 386 
250016 1 156 386 690 
250017 0 156 375 386 
250017 1 157 386 690 
250018 0 157 375 386 
250018 1 158 386 690 
250019 0 158 375 386 
250019 1 159 386 690 
250020 0 195 375 386 
250020 1 196 386 690 
250021 0 196 375 386 
250021 1 197 386 690 
250022 0 203 375 386 
250022 1 204 386 690 
250023 0 204 375 386 
250023 1 205 386 690 
250024 0 211 375 386 
250024 1 212 386 690 
250025 0 212 375 386 
250025 1 213 386 690 
250026 0 214 375 386 
250026 1 215 386 690 
250027 0 219 375 386 
250027 1 220 386 690 
250028 0 220 375 386 
250028 1 221 386 690 
250029 0 221 375 386 
250029 1 222 386 690 
260000 0 152 409 409 
260000 1 160 409 655 
260001 0 153 409 409 
260001 1 161 409 655 
260002 0 154 409 409 
260002 1 162 409 655 
260003 0 155 409 409 
260003 1 163 409 655 
260004 0 160 409 409 
260004 1 168 409 655 
260005 0 161 409 409 
260005 1 169 409 655 
260006 0 162 409 409 
260006 1 170 409 655 
260007 0 163 409 409 
260007 1 171 409 655 
260008 0 168 409 409 
260008 1 176 409 655 
260009 0 169 409 409 
260009 1 177 409 655 
260010 0 170 409 409 
260010 1 178 409 655 
260011 0 171 409 409 
260011 1 179 409 655 
260012 0 176 409 409 
260012 1 184 409 655 
260013 0 177 409 409 
260013 1 185 409 655 
260014 0 178 409 409 
260014 1 186 409 655 
260015 0 179 409 409 
260015 1 187 409 655 
260016 0 216 409 409 
260016 1 224 409 655 
260017 0 217 409 409 
260017 1 225 409 655 
260018 0 218 409 409 
260018 1 226 409 655 
260019 0 219 409 409 
260019 1 227 409 655 
260020 0 224 409 409 
260020 1 232 409 655 
260021 0 225 409 409 
260021 1 233 409 655 
260022 0 226 409 409 
260022 1 234 409 655 
260023 0 227 409 409 
260023 1 235 409 655 
260024 0 232 409 409 
260024 1 240 409 655 
260025 0 233 409 409 
260025 1 241 409 655 
260026 0 234 409 409 
260026 1 242 409 655 
260027 0 235 409 409 
260027 1 243 409 655 
260028 0 240 409 409 
260028 1 248 409 655 
260029 0 241 409 409 
260029 1 249 409 655 
270000 0 128 511 827 
270001 0 129 511 827 
270002 0 130 511 827 
270003 0 131 511 827 
270004 0 136 511 827 
270005 0 137 511 827 
270006 0 138 511 827 
270007 0 139 511 827 
270008 0 144 511 827 
270009 0 145 511 827 
270010 0 146 511 827 
270011 0 147 511 827 
270012 0 152 511 827 
270013 0 153 511 827 
270014 0 154 511 827 
270015 0 155 511 827 
270016 0 192 511 827 
270017 0 193 511 827 
270018 0 194 511 827 
270019 0 195 511 827 
270020 0 200 511 827 
270021 0 201 511 827 
270022 0 202 511 827 
270023 0 203 511 827 
270024 0 208 511 827 
270025 0 209 511 827 
270026 0 210 511 827 
270027 0 211 511 827 
270028 0 216 511 827 
270029 0 217 511 827 
280000 0 78 215 349 
280001 0 79 215 349 
280002 0 85 215 349 
280003 0 86 215 349 
280004 0 87 215 349 
280005 0 93 215 349 
280006 0 94 215 349 
280007 0 95 215 349 
280008 0 141 215 349 
280009 0 149 215 349 
280010 0 158 215 349 
280011 0 159 215 349 
280012 0 213 215 349 
280013 0 221 215 349 
280014 0 222 215 349 
290000 0 157 245 272 
290000 1 173 272 386 
290001 0 156 245 272 
290001 1 172 272 386 
290002 0 155 245 272 
290002 1 171 272 386 
290003 0 165 245 272 
290003 1 181 272 386 
290004 0 164 245 272 
290004 1 180 272 386 
290005 0 163 245 272 
290005 1 179 272 386 
290006 0 173 245 272 
290006 1 189 272 386 
290006 2 175 375 386 
290007 0 172 245 272 
290007 1 188 272 386 
290007 2 174 375 386 
290008 0 171 245 272 
290008 1 187 272 386 
290008 2 173 375 386 
290009 0 220 245 272 
290009 1 236 272 386 
290010 0 219 245 272 
290010 1 235 272 386 
290011 0 229 245 272 
290011 1 245 272 386 
290012 0 228 245 272 
290012 1 244 272 386 
290013 0 227 245 272 
290013 1 243 272 386 
290014 0 236 245 272 
290014 1 252 272 386 
290014 2 238 375 386 
290015 0 235 245 272 
290015 1 251 272 386 
290015 2 237 375 386 
300000 0 27 476 476 
300000 1 35 476 827 
300001 0 26 476 476 
300001 1 34 476 827 
300002 0 25 476 476 
300002 1 33 476 827 
300003 0 24 476 476 
300003 1 32 476 827 
300004 0 35 476 476 
300004 1 43 476 827 
300005 0 34 476 476 
300005 1 42 476 827 
300006 0 33 476 476 
300006 1 41 476 827 
300007 0 32 476 476 
300007 1 40 476 827 
300008 0 43 476 476 
300008 1 51 476 827 
300009 0 42 476 476 
300009 1 50 476 827 
300010 0 41 476 476 
300010 1 49 476 827 
300011 0 40 476 476 
300011 1 48 476 827 
300012 0 51 476 476 
300012 1 59 476 827 
300013 0 50 476 476 
300013 1 58 476 827 
300014 0 49 476 476 
300014 1 57 476 827 
300015 0 48 476 476 
300015 1 56 476 827 
300016 0 91 476 476 
300016 1 99 476 827 
300017 0 90 476 476 
300017 1 98 476 827 
300018 0 89 476 476 
300018 1 97 476 827 
300019 0 88 476 476 
300019 1 96 476 827 
300020 0 99 476 476 
300020 1 107 476 827 
300021 0 98 476 476 
300021 1 106 476 827 
300022 0 97 476 476 
300022 1 105 476 827 
300023 0 96 476 476 
300023 1 104 476 827 
300024 0 107 476 476 
300024 1 115 476 827 
300025 0 106 476 476 
300025 1 114 476 827 
300026 0 105 476 476 
300026 1 113 476 827 
300027 0 104 476 476 
300027 1 112 476 827 
300028 0 115 476 476 
300028 1 123 476 827 
300029 0 114 476 476 
300029 1 122 476 827 
310000 0 0 511 800 
310001 0 1 511 800 
310002 0 2 511 800 
310003 0 3 511 800 
310004 0 8 511 800 
310005 0 9 511 800 
310006 0 10 511 800 
310007 0 11 511 800 
310008 0 16 511 800 
310009 0 17 511 800 
310010 0 18 511 800 
310011 0 19 511 800 
310012 0 24 511 800 
310013 0 25 511 800 
310014 0 26 511 800 
310015 0 27 511 800 
310016 0 64 511 800 
310017 0 65 511 800 
310018 0 66 511 800 
310019 0 67 511 800 
310020 0 72 511 800 
310021 0 73 511 800 
310022 0 74 511 800 
310023 0 75 511 800 
310024 0 80 511 800 
310025 0 81 511 800 
310026 0 82 511 800 
310027 0 83 511 800 
310028 0 88 511 800 
310029 0 89 511 800 
320000 0 27 69 121 
320001 0 28 69 121 
320002 0 35 69 121 
320003 0 91 69 121 
320004 0 92 69 121 
320005 0 99 69 121 
320006 0 100 69 121 
330000 0 128 827 1087 
330001 0 129 827 1087 
330002 0 130 827 1087 
330003 0 131 827 1087 
330004 0 136 827 1087 
330005 0 137 827 1087 
330006 0 138 827 1087 
330007 0 139 827 1087 
330008 0 144 827 1087 
330009 0 145 827 1087 
330010 0 146 827 1087 
330011 0 147 827 1087 
330012 0 152 827 1087 
330013 0 153 827 1087 
330014 0 154 827 1087 
330015 0 155 827 1087 
330016 0 192 827 1087 
330017 0 193 827 1087 
330018 0 194 827 1087 
330019 0 195 827 1087 
330020 0 200 827 1087 
330021 0 201 827 1087 
330022 0 202 827 1087 
330023 0 203 827 1087 
330024 0 208 827 1087 
330025 0 209 827 1087 
330026 0 210 827 1087 
330027 0 211 827 1087 
330028 0 216 827 1087 
330029 0 217 827 1087 
340000 0 86 827 1102 
340001 0 87 827 1102 
340002 0 92 827 1102 
340003 0 93 827 1102 
340004 0 94 827 1102 
340005 0 95 827 1102 
340006 0 100 827 1102 
340007 0 101 827 1102 
340008 0 102 827 1102 
340009 0 103 827 1102 
340010 0 108 827 1102 
340011 0 109 827 1102 
340012 0 110 827 1102 
340013 0 111 827 1102 
340014 0 150 827 1102 
340015 0 151 827 1102 
340016 0 158 827 1102 
340017 0 159 827 1102 
340018 0 166 827 1102 
340019 0 167 827 1102 
340020 0 174 827 1102 
340021 0 175 827 1102 
340022 0 214 827 1102 
340023 0 215 827 1102 
340024 0 222 827 1102 
340025 0 223 827 1102 
340026 0 230 827 1102 
340027 0 231 827 1102 
340028 0 238 827 1102 
340029 0 239 827 1102 
350000 0 3 827 1102 
350000 1 5 1102 1114 
350001 0 4 827 1102 
350001 1 6 1102 1114 
350002 0 5 827 1102 
350002 1 7 1102 1114 
350003 0 11 827 1102 
350003 1 13 1102 1114 
350004 0 12 827 1102 
350004 1 14 1102 1114 
350005 0 13 827 1102 
350005 1 15 1102 1114 
350006 0 19 827 1102 
350006 1 21 1102 1114 
350007 0 20 827 1102 
350007 1 22 1102 1114 
350008 0 21 827 1102 
350008 1 23 1102 1114 
350009 0 67 827 1102 
350009 1 69 1102 1114 
350010 0 68 827 1102 
350010 1 70 1102 1114 
350011 0 69 827 1102 
350011 1 71 1102 1114 
350012 0 75 827 1102 
350012 1 77 1102 1114 
350013 0 76 827 1102 
350013 1 78 1102 1114 
350014 0 77 827 1102 
350014 1 79 1102 1114 
350015 0 83 827 1102 
350015 1 85 1102 1114 
350016 0 84 827 1102 
350016 1 86 1102 1114 
350017 0 85 827 1102 
350017 1 87 1102 1114 
350018 0 132 827 1102 
350018 1 134 1102 1114 
350019 0 133 827 1102 
350019 1 135 1102 1114 
350020 0 140 827 1102 
350020 1 142 1102 1114 
350021 0 141 827 1102 
350021 1 143 1102 1114 
350022 0 148 827 1102 
350022 1 150 1102 1114 
350023 0 149 827 1102 
350023 1 151 1102 1114 
350024 0 196 827 1102 
350024 1 198 1102 1114 
350025 0 197 827 1102 
350025 1 199 1102 1114 
350026 0 204 827 1102 
350026 1 206 1102 1114 
350027 0 205 827 1102 
350027 1 207 1102 1114 
350028 0 212 827 1102 
350028 1 214 1102 1114 
350029 0 213 827 1102 
350029 1 215 1102 1114 
360000 0 91 125 228 
360001 0 92 125 228 
360002 0 99 125 228 
360003 0 100 125 228 
360004 0 219 125 228 
360005 0 220 125 228 
360006 0 227 125 228 
360007 0 228 125 228 
370000 0 154 272 409 
370001 0 153 272 409 
370002 0 152 272 409 
370003 0 162 272 409 
370004 0 161 272 409 
370005 0 160 272 409 
370006 0 210 272 409 
370007 0 209 272 409 
370008 0 208 272 409 
370009 0 218 272 409 
370010 0 217 272 409 
370011 0 216 272 409 
370012 0 226 272 409 
370013 0 225 272 409 
370014 0 224 272 409 
380000 0 7 386 535 
380001 0 6 386 535 
380002 0 5 386 535 
380003 0 15 386 535 
380004 0 14 386 535 
380005 0 13 386 535 
380006 0 23 386 535 
380007 0 22 386 535 
380008 0 21 386 535 
380009 0 71 386 535 
380010 0 70 386 535 
380011 0 79 386 535 
380012 0 78 386 535 
380013 0 87 386 535 
380014 0 86 386 535 
390000 0 192 1102 1340 
390001 0 193 1102 1340 
390002 0 194 1102 1340 
390003 0 195 1102 1340 
390004 0 196 1102 1340 
390005 0 197 1102 1340 
390006 0 200 1102 1340 
390007 0 201 1102 1340 
390008 0 202 1102 1340 
390009 0 203 1102 1340 
390010 0 204 1102 1340 
390011 0 205 1102 1340 
390012 0 208 1102 1340 
390013 0 209 1102 1340 
390014 0 210 1102 1340 
390015 0 211 1102 1340 
390016 0 212 1102 1340 
390017 0 213 1102 1340 
390018 0 216 1102 1340 
390019 0 217 1102 1340 
390020 0 218 1102 1340 
390021 0 219 1102 1340 
390022 0 220 1102 1340 
390023 0 221 1102 1340 
390024 0 224 1102 1340 
390025 0 225 1102 1340 
390026 0 226 1102 1340 
390027 0 227 1102 1340 
390028 0 232 1102 1340 
390029 0 233 1102 1340 
400000 0 159 137 211 
400001 0 158 137 211 
400002 0 167 137 211 
400003 0 166 137 211 
400004 0 223 137 211 
400005 0 222 137 211 
400006 0 231 137 211 
400007 0 230 137 211 
410000 0 6 635 759 
410001 0 7 635 759 
410002 0 14 635 759 
410003 0 15 635 759 
410004 0 70 635 759 
410005 0 71 635 759 
410006 0 78 635 759 
410007 0 79 635 759 
410008 0 134 635 759 
410009 0 135 635 759 
410010 0 142 635 759 
410011 0 143 635 759 
410012 0 198 635 759 
410013 0 199 635 759 
410014 0 206 635 759 
420000 0 7 827 971 
420001 0 6 827 971 
420002 0 15 827 971 
420003 0 14 827 971 
420004 0 71 827 971 
420005 0 70 827 971 
420006 0 79 827 971 
420007 0 78 827 971 
420008 0 135 827 971 
420009 0 134 827 971 
420010 0 143 827 971 
420011 0 142 827 971 
420012 0 199 827 971 
420013 0 198 827 971 
420014 0 207 827 971 
430000 0 63 827 988 
430001 0 62 827 988 
430002 0 61 827 988 
430003 0 55 827 988 
430004 0 54 827 988 
430005 0 53 827 988 
430006 0 47 827 988 
430007 0 46 827 988 
430008 0 45 827 988 
430009 0 127 827 988 
430010 0 126 827 988 
430011 0 125 827 988 
430012 0 119 827 988 
430013 0 118 827 988 
430014 0 117 827 988 
440000 0 7 195 251 
440001 0 6 195 251 
440002 0 71 195 251 
440003 0 70 195 251 
440004 0 135 195 251 
440005 0 134 195 251 
440006 0 143 195 251 
440006 2 135 251 286 
450000 0 56 827 961 
450001 0 57 827 961 
450002 0 58 827 961 
450003 0 48 827 961 
450004 0 49 827 961 
450005 0 50 827 961 
450006 0 40 827 961 
450007 0 41 827 961 
450008 0 42 827 961 
450009 0 120 827 961 
450010 0 121 827 961 
450011 0 122 827 961 
450012 0 112 827 961 
450013 0 113 827 961 
450014 0 114 827 961 
460000 0 142 211 286 
460000 2 134 251 286 
460001 0 151 211 251 
460001 1 143 251 286 
460002 0 150 211 251 
460002 1 142 251 286 
460003 0 207 211 286 
460003 2 199 251 286 
460004 0 206 211 286 
460004 2 198 251 286 
460005 0 215 211 251 
460005 1 207 251 286 
460006 0 214 211 251 
460006 1 206 251 286 
470000 0 200 245 289 
470000 3 192 255 289 
470001 0 201 245 289 
470001 3 193 255 289 
470002 0 202 245 289 
470002 2 194 255 289 
470003 0 208 245 289 
470003 2 200 255 289 
470004 0 209 245 289 
470004 2 201 255 289 
470005 0 210 245 255 
470005 1 202 255 289 
470006 0 216 245 255 
470006 1 208 255 289 
470007 0 217 245 255 
470007 1 209 255 289 
480000 0 156 827 827 
480000 1 164 827 1131 
480001 0 157 827 827 
480001 1 165 827 1131 
480002 0 162 827 827 
480002 1 170 827 1131 
480003 0 163 827 827 
480003 1 171 827 1131 
480004 0 164 827 827 
480004 1 172 827 1131 
480004 2 166 1102 1131 
480005 0 165 827 827 
480005 1 173 827 1131 
480005 2 167 1102 1131 
480006 0 170 827 827 
480006 1 178 827 1131 
480006 2 172 1102 1131 
480007 0 171 827 827 
480007 1 179 827 1131 
480007 2 173 1102 1131 
480008 0 172 827 827 
480008 1 180 827 1131 
480008 2 174 1102 1131 
480009 0 173 827 827 
480009 1 181 827 1131 
480009 2 175 1102 1131 
480010 0 178 827 827 
480010 1 186 827 1131 
480010 2 180 1102 1131 
480011 0 179 827 827 
480011 1 187 827 1131 
480011 2 181 1102 1131 
480012 0 180 827 827 
480012 1 188 827 1131 
480012 2 182 1102 1131 
480013 0 181 827 827 
480013 1 189 827 1131 
480013 2 183 1102 1131 
480014 0 218 827 827 
480014 1 226 827 1131 
480015 0 219 827 827 
480015 1 227 827 1131 
480016 0 220 827 827 
480016 1 228 827 1131 
480017 0 221 827 827 
480017 1 229 827 1131 
480018 0 226 827 827 
480018 1 234 827 1131 
480018 2 228 1102 1131 
480019 0 227 827 827 
480019 1 235 827 1131 
480019 2 229 1102 1131 
480020 0 228 827 827 
480020 1 236 827 1131 
480020 2 230 1102 1131 
480021 0 229 827 827 
480021 1 237 827 1131 
480021 2 231 1102 1131 
480022 0 234 827 827 
480022 1 242 827 1131 
480022 2 236 1102 1131 
480023 0 235 827 827 
480023 1 243 827 1131 
480023 2 237 1102 1131 
480024 0 236 827 827 
480024 1 244 827 1131 
480024 2 238 1102 1131 
480025 0 237 827 827 
480025 1 245 827 1131 
480025 2 239 1102 1131 
480026 0 242 827 827 
480026 1 250 827 1131 
480026 2 244 1102 1131 
480027 0 243 827 827 
480027 1 251 827 1131 
480027 2 245 1102 1131 
480028 0 244 827 827 
480028 1 252 827 1131 
480028 2 246 1102 1131 
480029 0 245 827 827 
480029 1 253 827 1131 
480029 2 247 1102 1131 
490000 0 7 251 319 
490001 0 6 251 319 
490002 0 15 251 319 
490003 0 14 251 319 
490004 0 71 251 319 
490005 0 70 251 319 
490006 0 143 251 319 
490007 0 142 251 319 
500000 0 229 272 375 
500001 0 230 272 375 
500002 0 231 272 375 
500003 0 237 272 375 
500004 0 238 272 375 
500005 0 239 272 375 
500006 0 246 272 375 
500007 0 247 272 375 
